
Varying the number of nodes in the hidden layer...
---------------------------
1	0.788	0.750
2	0.953	0.891
3	1.000	0.906
4	0.953	0.875
5	0.988	0.938
6	0.788	0.750
7	0.988	0.922
8	1.000	0.922
9	0.788	0.750
10	0.788	0.750
11	0.988	0.875
12	0.953	0.891
13	1.000	0.875
14	1.000	0.953
15	0.953	0.875
16	0.988	0.938
17	1.000	0.938
18	1.000	0.906
19	1.000	0.922
20	1.000	0.922

Error results for RHC
---------------------------
7.933	0.800	0.754
7.933	0.800	0.754
7.933	0.800	0.754
7.933	0.800	0.754
8.216	0.800	0.754
7.933	0.800	0.754
7.933	0.800	0.754
7.933	0.800	0.754
7.933	0.800	0.754
7.933	0.800	0.754
7.933	0.800	0.754
7.801	0.824	0.800
7.801	0.824	0.800
7.801	0.824	0.800
7.801	0.824	0.800
7.801	0.824	0.800
7.092	0.788	0.738
7.092	0.788	0.738
7.092	0.788	0.738
7.092	0.788	0.738
7.092	0.788	0.738
7.092	0.788	0.738
7.092	0.788	0.738
7.092	0.788	0.738
7.092	0.788	0.738
7.092	0.788	0.738
7.092	0.788	0.738
7.092	0.788	0.738
6.922	0.788	0.738
6.758	0.788	0.738
6.758	0.788	0.738
6.382	0.788	0.738
6.382	0.788	0.738
6.392	0.788	0.738
6.418	0.788	0.738
6.382	0.788	0.738
6.382	0.788	0.738
6.382	0.788	0.738
6.372	0.788	0.738
6.372	0.788	0.738
7.249	0.788	0.738
6.453	0.788	0.738
6.546	0.788	0.738
6.378	0.788	0.738
6.372	0.788	0.738
6.372	0.788	0.738
6.372	0.788	0.738
6.372	0.788	0.738
6.372	0.788	0.738
6.292	0.788	0.738
6.292	0.788	0.738
6.495	0.788	0.738
6.292	0.788	0.738
6.292	0.788	0.738
6.292	0.788	0.738
6.292	0.788	0.738
6.292	0.788	0.738
6.316	0.788	0.738
6.292	0.788	0.738
6.292	0.788	0.738
6.292	0.788	0.738
6.393	0.788	0.738
6.292	0.788	0.738
6.292	0.788	0.738
6.292	0.788	0.738
6.292	0.788	0.738
6.292	0.788	0.738
6.292	0.788	0.738
6.292	0.788	0.738
6.292	0.788	0.738
6.292	0.788	0.738
6.292	0.788	0.738
6.292	0.788	0.738
6.292	0.788	0.738
7.097	0.788	0.738
6.292	0.788	0.738
6.292	0.788	0.738
6.292	0.788	0.738
6.554	0.788	0.738
6.292	0.788	0.738
6.292	0.788	0.738
6.296	0.788	0.738
6.292	0.788	0.738
6.292	0.788	0.738
6.292	0.788	0.738
6.292	0.788	0.738
6.293	0.788	0.738
6.292	0.788	0.738
6.292	0.788	0.738
6.292	0.788	0.738
6.331	0.788	0.738
6.292	0.788	0.738
6.544	0.788	0.738
6.292	0.788	0.738
6.292	0.788	0.738
6.292	0.788	0.738
6.758	0.788	0.738
6.292	0.788	0.738
6.292	0.788	0.738
6.328	0.788	0.738
6.292	0.788	0.738
6.292	0.788	0.738
6.292	0.788	0.738
6.292	0.788	0.738
6.292	0.788	0.738
6.350	0.788	0.738
6.292	0.788	0.738
6.292	0.788	0.738
6.292	0.788	0.738
6.292	0.788	0.738
6.292	0.788	0.738
6.292	0.788	0.738
6.292	0.788	0.738
6.292	0.788	0.738
6.292	0.788	0.738
6.292	0.788	0.738
6.292	0.788	0.738
6.292	0.788	0.738
6.292	0.788	0.738
6.292	0.788	0.738
6.292	0.788	0.738
6.298	0.788	0.738
6.328	0.788	0.738
7.639	0.788	0.738
6.292	0.788	0.738
6.292	0.788	0.738
6.292	0.788	0.738
6.292	0.788	0.738
6.292	0.788	0.738
6.292	0.788	0.738
6.292	0.788	0.738
6.373	0.788	0.738
6.292	0.788	0.738
6.292	0.788	0.738
6.290	0.788	0.738
6.290	0.788	0.738
6.290	0.788	0.738
6.290	0.788	0.738
6.290	0.788	0.738
6.290	0.788	0.738
6.290	0.788	0.738
6.290	0.788	0.738
6.373	0.788	0.738
6.290	0.788	0.738
6.290	0.788	0.738
6.290	0.788	0.738
6.290	0.788	0.738
6.289	0.788	0.738
6.289	0.788	0.738
6.286	0.788	0.738
6.305	0.788	0.738
6.286	0.788	0.738
6.286	0.788	0.738
6.286	0.788	0.738
6.291	0.788	0.738
6.286	0.788	0.738
6.286	0.788	0.738
6.286	0.788	0.738
6.283	0.788	0.738
6.284	0.788	0.738
6.283	0.788	0.738
6.283	0.788	0.738
6.283	0.788	0.738
6.283	0.788	0.738
6.283	0.788	0.738
6.644	0.788	0.738
6.283	0.788	0.738
6.283	0.788	0.738
6.283	0.788	0.738
6.283	0.788	0.738
6.283	0.788	0.738
7.916	0.788	0.738
6.283	0.788	0.738
6.283	0.788	0.738
6.283	0.788	0.738
6.374	0.788	0.738
6.283	0.788	0.738
6.283	0.788	0.738
6.283	0.788	0.738
6.283	0.788	0.738
6.283	0.788	0.738
6.283	0.788	0.738
6.283	0.788	0.738
6.283	0.788	0.738
6.283	0.788	0.738
6.283	0.788	0.738
6.283	0.788	0.738
6.283	0.788	0.738
6.532	0.788	0.738
6.284	0.788	0.738
6.283	0.788	0.738
6.283	0.788	0.738
6.283	0.788	0.738
6.283	0.788	0.738
6.283	0.788	0.738
6.330	0.788	0.738
6.283	0.788	0.738
6.507	0.788	0.738
6.284	0.788	0.738
6.283	0.788	0.738
6.283	0.788	0.738
6.284	0.788	0.738
6.283	0.788	0.738
6.283	0.788	0.738
6.283	0.788	0.738
6.261	0.788	0.738
6.261	0.788	0.738
6.261	0.788	0.738
6.201	0.788	0.738
6.201	0.788	0.738
6.201	0.788	0.738
6.226	0.788	0.738
6.201	0.788	0.738
6.201	0.788	0.738
6.201	0.788	0.738
6.201	0.788	0.738
6.201	0.788	0.738
6.201	0.788	0.738
6.201	0.788	0.738
6.201	0.788	0.738
6.201	0.788	0.738
6.201	0.788	0.738
6.201	0.788	0.738
6.201	0.788	0.738
6.201	0.788	0.738
6.201	0.788	0.738
6.201	0.788	0.738
6.201	0.788	0.738
6.201	0.788	0.738
6.201	0.788	0.738
7.096	0.788	0.738
6.201	0.788	0.738
6.201	0.788	0.738
6.348	0.788	0.738
6.201	0.788	0.738
6.201	0.788	0.738
6.201	0.788	0.738
6.201	0.788	0.738
6.201	0.788	0.738
6.201	0.788	0.738
6.201	0.788	0.738
6.201	0.788	0.738
6.201	0.788	0.738
6.201	0.788	0.738
6.212	0.788	0.738
7.096	0.788	0.738
6.201	0.788	0.738
6.201	0.788	0.738
6.201	0.788	0.738
6.201	0.788	0.738
6.201	0.788	0.738
6.201	0.788	0.738
6.201	0.788	0.738
6.201	0.788	0.738
6.201	0.788	0.738
6.103	0.788	0.738
6.103	0.788	0.738
6.103	0.788	0.738
6.103	0.788	0.738
6.103	0.788	0.738
6.103	0.788	0.738
6.103	0.788	0.738
6.103	0.788	0.738
6.103	0.788	0.738
6.103	0.788	0.738
6.103	0.788	0.738
6.038	0.788	0.738
6.038	0.788	0.738
6.038	0.788	0.738
6.156	0.788	0.738
6.038	0.788	0.738
6.038	0.788	0.738
6.038	0.788	0.738
6.038	0.788	0.738
6.248	0.788	0.738
6.036	0.788	0.738
6.036	0.788	0.738
6.036	0.788	0.738
6.015	0.788	0.738
6.010	0.788	0.738
6.010	0.788	0.738
6.017	0.788	0.738
6.010	0.788	0.738
6.010	0.788	0.738
6.010	0.788	0.738
6.010	0.788	0.738
7.654	0.788	0.738
6.010	0.788	0.738
6.010	0.788	0.738
6.010	0.788	0.738
6.010	0.788	0.738
6.010	0.788	0.738
6.010	0.788	0.738
6.010	0.788	0.738
6.010	0.788	0.738
6.010	0.788	0.738
6.010	0.788	0.738
6.010	0.788	0.738
7.658	0.788	0.738
6.010	0.788	0.738
5.777	0.788	0.738
5.769	0.788	0.738
5.769	0.788	0.738
5.769	0.788	0.738
5.769	0.788	0.738
5.766	0.788	0.738
5.766	0.788	0.738
5.766	0.788	0.738
5.766	0.788	0.738
6.334	0.788	0.738
5.766	0.788	0.738
5.766	0.788	0.738
6.089	0.788	0.738
5.766	0.788	0.738
5.766	0.788	0.738
5.766	0.788	0.738
5.766	0.788	0.738
5.943	0.788	0.738
5.766	0.788	0.738
5.766	0.788	0.738
5.766	0.788	0.738
5.766	0.788	0.738
5.769	0.788	0.738
5.766	0.788	0.738
5.766	0.788	0.738
5.766	0.788	0.738
8.141	0.788	0.738
5.766	0.788	0.738
5.709	0.788	0.738
5.803	0.788	0.738
6.918	0.788	0.738
5.709	0.788	0.738
5.709	0.788	0.738
5.947	0.788	0.738
5.856	0.788	0.738
5.709	0.788	0.738
5.709	0.788	0.738
5.709	0.788	0.738
5.709	0.788	0.738
5.905	0.788	0.738
6.001	0.788	0.738
5.709	0.788	0.738
5.709	0.788	0.738
5.709	0.788	0.738
5.709	0.788	0.738
5.709	0.788	0.738
5.709	0.788	0.738
5.709	0.788	0.738
5.709	0.788	0.738
5.899	0.788	0.738
5.679	0.788	0.738
5.837	0.788	0.738
5.757	0.788	0.738
5.679	0.788	0.738
5.828	0.788	0.738
5.679	0.788	0.738
5.679	0.788	0.738
5.679	0.788	0.738
5.679	0.788	0.738
5.679	0.788	0.738
6.890	0.788	0.738
5.679	0.788	0.738
5.679	0.788	0.738
5.679	0.788	0.738
5.679	0.788	0.738
5.648	0.788	0.738
5.648	0.788	0.738
5.648	0.788	0.738
5.648	0.788	0.738
5.648	0.788	0.738
5.710	0.788	0.738
5.759	0.788	0.738
5.648	0.788	0.738
5.648	0.788	0.738
5.648	0.788	0.738
5.648	0.788	0.738
5.648	0.788	0.738
5.648	0.788	0.738
5.648	0.788	0.738
5.648	0.788	0.738
5.667	0.788	0.738
5.917	0.788	0.738
5.648	0.788	0.738
4.899	0.788	0.738
4.899	0.788	0.738
4.899	0.788	0.738
4.899	0.788	0.738
4.899	0.788	0.738
4.899	0.788	0.738
4.898	0.788	0.738
4.898	0.788	0.738
4.898	0.788	0.738
4.898	0.788	0.738
4.898	0.788	0.738
4.898	0.788	0.738
4.893	0.788	0.738
5.815	0.788	0.738
4.984	0.788	0.738
4.893	0.788	0.738
4.877	0.788	0.738
4.877	0.788	0.738
4.877	0.788	0.738
4.877	0.788	0.738
5.099	0.788	0.738
4.877	0.788	0.738
4.877	0.788	0.738
4.877	0.788	0.738
4.877	0.788	0.738
4.877	0.788	0.738
4.877	0.788	0.738
6.094	0.788	0.738
4.877	0.788	0.738
4.877	0.788	0.738
4.879	0.788	0.738
4.877	0.788	0.738
4.877	0.788	0.738
4.877	0.788	0.738
4.877	0.788	0.738
4.877	0.788	0.738
4.877	0.788	0.738
4.877	0.788	0.738
4.877	0.788	0.738
4.877	0.788	0.738
4.877	0.788	0.738
4.877	0.788	0.738
4.877	0.788	0.738
4.877	0.788	0.738
4.876	0.788	0.738
4.876	0.788	0.738
4.915	0.788	0.738
4.876	0.788	0.738
4.876	0.788	0.738
4.970	0.788	0.738
4.876	0.788	0.738
7.026	0.788	0.738
4.876	0.788	0.738
4.876	0.788	0.738
4.887	0.788	0.738
4.691	0.824	0.800
4.691	0.824	0.800
4.691	0.824	0.800
4.691	0.824	0.800
4.689	0.824	0.800
4.689	0.824	0.800
4.948	0.824	0.800
4.689	0.824	0.800
4.613	0.835	0.831
4.613	0.835	0.831
4.613	0.835	0.831
4.599	0.835	0.831
4.753	0.835	0.831
4.599	0.835	0.831
4.599	0.835	0.831
4.599	0.835	0.831
4.599	0.835	0.831
4.599	0.835	0.831
4.599	0.835	0.831
4.599	0.835	0.831
4.599	0.835	0.831
4.599	0.835	0.831
4.599	0.835	0.831
4.683	0.835	0.831
4.599	0.835	0.831
4.599	0.835	0.831
4.599	0.835	0.831
4.599	0.835	0.831
4.599	0.835	0.831
4.599	0.835	0.831
4.599	0.835	0.831
4.613	0.835	0.831
4.599	0.835	0.831
4.599	0.835	0.831
4.599	0.835	0.831
4.598	0.835	0.831
4.598	0.835	0.831
4.598	0.835	0.831
4.598	0.835	0.831
4.598	0.835	0.831
4.598	0.835	0.831
4.598	0.835	0.831
4.598	0.835	0.831
4.598	0.835	0.831
4.594	0.835	0.831
4.608	0.835	0.831
4.594	0.835	0.831
4.594	0.835	0.831
4.594	0.835	0.831
4.594	0.835	0.831
4.594	0.835	0.831
4.574	0.835	0.831
8.847	0.835	0.831
5.053	0.835	0.831
4.574	0.835	0.831
4.574	0.835	0.831
4.574	0.835	0.831
4.580	0.835	0.831
4.572	0.835	0.831
4.963	0.835	0.831
4.572	0.835	0.831
4.572	0.835	0.831
4.572	0.835	0.831
4.573	0.835	0.831
4.572	0.835	0.831
4.572	0.835	0.831
4.572	0.835	0.831
4.572	0.835	0.831
4.572	0.835	0.831
4.572	0.835	0.831
4.572	0.835	0.831
4.572	0.835	0.831
4.572	0.835	0.831
4.572	0.835	0.831
4.577	0.835	0.831
4.572	0.835	0.831
4.572	0.835	0.831
4.893	0.835	0.831
4.569	0.835	0.831
4.569	0.835	0.831
4.569	0.835	0.831
4.569	0.835	0.831
4.572	0.835	0.831
4.569	0.835	0.831
4.570	0.835	0.831
4.569	0.835	0.831
4.569	0.835	0.831
4.569	0.835	0.831
4.569	0.835	0.831
4.569	0.835	0.831
4.569	0.835	0.831
8.846	0.835	0.831
4.569	0.835	0.831
4.615	0.835	0.831
4.569	0.835	0.831
4.569	0.835	0.831
4.566	0.835	0.831
4.566	0.835	0.831
8.722	0.835	0.831
4.541	0.835	0.831
4.542	0.835	0.831
4.541	0.835	0.831
4.541	0.835	0.831
5.143	0.835	0.831
4.541	0.835	0.831
4.541	0.835	0.831
4.541	0.835	0.831
4.541	0.835	0.831
4.541	0.835	0.831
4.541	0.835	0.831
4.541	0.835	0.831
4.541	0.835	0.831
4.541	0.835	0.831
4.541	0.835	0.831
4.547	0.835	0.831
4.541	0.835	0.831
4.541	0.835	0.831
4.540	0.835	0.831
4.540	0.835	0.831
4.540	0.835	0.831
4.540	0.835	0.831
4.541	0.835	0.831
8.706	0.835	0.831
4.540	0.835	0.831
4.540	0.835	0.831
4.540	0.835	0.831
4.540	0.835	0.831
4.540	0.835	0.831
4.540	0.835	0.831
4.540	0.835	0.831
4.537	0.835	0.831
4.580	0.835	0.831
4.537	0.835	0.831
4.536	0.835	0.831
4.536	0.835	0.831
4.536	0.835	0.831
4.536	0.835	0.831
4.536	0.835	0.831
4.551	0.835	0.831
4.537	0.835	0.831
4.770	0.835	0.831
4.544	0.835	0.831
3.697	0.894	0.877
3.698	0.894	0.877
3.699	0.894	0.877
3.697	0.894	0.877
3.697	0.894	0.877
3.697	0.894	0.877
3.697	0.894	0.877
5.307	0.894	0.877
3.697	0.894	0.877
3.704	0.894	0.877
3.809	0.894	0.877
3.697	0.894	0.877
3.697	0.894	0.877
3.697	0.894	0.877
3.697	0.894	0.877
3.663	0.894	0.877
3.668	0.894	0.877
5.255	0.894	0.877
5.312	0.894	0.877
3.663	0.894	0.877
3.663	0.894	0.877
3.663	0.894	0.877
3.663	0.894	0.877
6.015	0.894	0.877
3.663	0.894	0.877
3.663	0.894	0.877
3.626	0.894	0.877
3.625	0.894	0.877
5.250	0.894	0.877
3.625	0.894	0.877
5.606	0.894	0.877
4.982	0.894	0.877
3.609	0.894	0.877
3.609	0.894	0.877
3.609	0.894	0.877
6.166	0.894	0.877
3.609	0.894	0.877
3.559	0.894	0.877
3.554	0.906	0.862
3.554	0.906	0.862
3.556	0.906	0.862
3.554	0.906	0.862
3.554	0.906	0.862
3.555	0.906	0.862
3.554	0.906	0.862
3.740	0.906	0.862
3.746	0.906	0.862
3.552	0.906	0.862
3.552	0.906	0.862
8.151	0.906	0.862
3.553	0.906	0.862
3.552	0.906	0.862
7.894	0.906	0.862
3.546	0.906	0.862
3.546	0.906	0.862
3.546	0.906	0.862
3.546	0.906	0.862
3.800	0.906	0.862
3.546	0.906	0.862
3.584	0.906	0.862
3.546	0.906	0.862
3.546	0.906	0.862
3.546	0.906	0.862
3.546	0.906	0.862
3.546	0.906	0.862
3.782	0.906	0.862
3.550	0.906	0.862
5.550	0.906	0.862
3.582	0.906	0.862
3.546	0.906	0.862
3.546	0.906	0.862
3.546	0.906	0.862
3.546	0.906	0.862
3.539	0.906	0.877
3.547	0.906	0.877
3.596	0.906	0.877
3.533	0.906	0.877
3.518	0.906	0.877
3.712	0.906	0.877
3.518	0.906	0.877
3.515	0.894	0.877
3.515	0.894	0.877
3.515	0.894	0.877
3.506	0.894	0.877
3.506	0.894	0.877
3.506	0.894	0.877
3.506	0.894	0.877
3.401	0.894	0.877
3.381	0.894	0.877
3.407	0.894	0.877
4.436	0.894	0.877
3.381	0.894	0.877
3.392	0.894	0.877
3.381	0.894	0.877
3.381	0.894	0.877
3.381	0.894	0.877
3.524	0.894	0.877
3.374	0.894	0.877
3.374	0.894	0.877
3.374	0.894	0.877
3.374	0.894	0.877
3.374	0.894	0.877
3.378	0.894	0.877
3.587	0.894	0.877
3.376	0.894	0.877
3.374	0.894	0.877
3.389	0.894	0.877
3.381	0.894	0.877
3.374	0.894	0.877
3.374	0.894	0.877
3.467	0.894	0.877
3.374	0.894	0.877
3.375	0.894	0.877
3.374	0.894	0.877
3.374	0.894	0.877
3.374	0.894	0.877
3.373	0.894	0.877
3.373	0.894	0.877
3.373	0.894	0.877
3.373	0.894	0.877
3.373	0.894	0.877
3.427	0.894	0.877
2.435	0.941	0.877
2.500	0.941	0.877
2.611	0.941	0.877
2.435	0.941	0.877
3.169	0.941	0.877
2.435	0.941	0.877
2.432	0.953	0.877
2.432	0.953	0.877
3.907	0.953	0.877
2.438	0.953	0.877
2.432	0.953	0.877
2.432	0.953	0.877
2.435	0.953	0.877
2.447	0.953	0.877
2.432	0.953	0.877
2.426	0.953	0.877
2.511	0.953	0.877
2.426	0.953	0.877
2.426	0.953	0.877
2.426	0.953	0.877
2.426	0.953	0.877
2.429	0.953	0.877
2.426	0.953	0.877
2.426	0.953	0.877
2.426	0.953	0.877
2.744	0.953	0.877
2.426	0.953	0.877
2.442	0.953	0.877
2.821	0.953	0.877
2.426	0.953	0.877
2.426	0.953	0.877
2.513	0.953	0.877
2.426	0.953	0.877
2.426	0.953	0.877
2.426	0.953	0.877
2.426	0.953	0.877
2.426	0.953	0.877
2.426	0.953	0.877
2.426	0.953	0.877
2.426	0.953	0.877
2.426	0.953	0.877
2.422	0.953	0.877
2.422	0.953	0.877
2.422	0.953	0.877
2.422	0.953	0.877
2.422	0.953	0.877
2.425	0.953	0.877
2.422	0.953	0.877
2.423	0.953	0.877
2.422	0.953	0.877
2.422	0.953	0.877
2.423	0.953	0.877
2.422	0.953	0.877
2.422	0.953	0.877
2.422	0.953	0.877
2.733	0.953	0.877
2.422	0.953	0.877
2.422	0.953	0.877
2.361	0.953	0.877
2.361	0.953	0.877
2.383	0.953	0.877
2.361	0.953	0.877
2.158	0.941	0.877
2.158	0.941	0.877
4.719	0.941	0.877
2.224	0.941	0.877
2.157	0.941	0.877
2.308	0.941	0.877
2.257	0.941	0.877
2.156	0.941	0.877
2.141	0.953	0.877
4.151	0.953	0.877
2.141	0.953	0.877
2.167	0.953	0.877
5.120	0.953	0.877
2.160	0.953	0.877
4.311	0.953	0.877
2.141	0.953	0.877
2.141	0.953	0.877
2.141	0.953	0.877
2.160	0.953	0.877
2.119	0.953	0.877
2.119	0.953	0.877
3.134	0.953	0.877
2.142	0.953	0.877
4.021	0.953	0.877
2.119	0.953	0.877
2.119	0.953	0.877
2.119	0.953	0.877
2.124	0.953	0.877
2.119	0.953	0.877
2.122	0.953	0.877
2.116	0.953	0.877
2.116	0.953	0.877
2.813	0.953	0.877
2.162	0.953	0.877
2.116	0.953	0.877
2.116	0.953	0.877
2.121	0.953	0.877
2.116	0.953	0.877
2.132	0.953	0.877
2.273	0.953	0.877
2.577	0.953	0.877
2.131	0.953	0.877
2.251	0.953	0.877
2.116	0.953	0.877
2.136	0.953	0.877
2.115	0.953	0.877
2.116	0.953	0.877
2.115	0.953	0.877
2.115	0.953	0.877
2.115	0.953	0.877
2.115	0.953	0.877
2.115	0.953	0.877
2.388	0.953	0.877
2.115	0.953	0.877
2.143	0.953	0.877
2.115	0.953	0.877
2.082	0.953	0.877
7.044	0.953	0.877
2.121	0.953	0.877
2.217	0.953	0.877
2.082	0.953	0.877
2.131	0.953	0.877
2.082	0.953	0.877
2.082	0.953	0.877
2.155	0.953	0.877
2.082	0.953	0.877
2.076	0.953	0.877
2.076	0.953	0.877
2.076	0.953	0.877
2.076	0.953	0.877
2.068	0.929	0.862
2.068	0.929	0.862
2.070	0.929	0.862
2.075	0.929	0.862
2.047	0.941	0.862
2.047	0.941	0.862
2.047	0.941	0.862
2.053	0.941	0.862
2.081	0.941	0.862
2.047	0.941	0.862
2.046	0.941	0.862
2.361	0.941	0.862
2.046	0.941	0.862
2.046	0.941	0.862
2.241	0.941	0.862
2.046	0.941	0.862
2.051	0.941	0.862
2.046	0.941	0.862
2.047	0.941	0.862
2.046	0.941	0.862
2.052	0.941	0.862
2.046	0.941	0.862
2.066	0.941	0.862
2.313	0.941	0.862
2.041	0.941	0.862
3.879	0.941	0.862
2.041	0.941	0.862
2.041	0.941	0.862
2.041	0.941	0.862
2.038	0.941	0.862
2.038	0.941	0.862
2.073	0.941	0.862
2.038	0.941	0.862
2.038	0.941	0.862
2.346	0.941	0.862
2.038	0.941	0.862
2.340	0.941	0.862
2.899	0.941	0.862
2.038	0.941	0.862
2.038	0.941	0.862
2.183	0.941	0.862
2.027	0.941	0.862
2.027	0.941	0.862
2.032	0.941	0.862
2.028	0.941	0.862
2.029	0.941	0.862
2.027	0.941	0.862
2.027	0.941	0.862
2.163	0.941	0.862
2.027	0.941	0.862
1.797	0.941	0.862
1.797	0.941	0.862
1.801	0.941	0.862
1.797	0.941	0.862
1.789	0.941	0.862
1.789	0.941	0.862
1.799	0.941	0.862
1.789	0.941	0.862
1.641	0.941	0.862
1.641	0.941	0.862
1.648	0.941	0.862
3.329	0.941	0.862
1.641	0.941	0.862
1.641	0.941	0.862
1.644	0.941	0.862
1.652	0.941	0.862
1.672	0.941	0.862
1.641	0.941	0.862
1.640	0.941	0.862
3.668	0.941	0.862
1.640	0.941	0.862
1.629	0.941	0.862
1.631	0.941	0.862
1.629	0.941	0.862
1.629	0.941	0.862
1.643	0.941	0.862
1.526	0.965	0.862
1.526	0.965	0.862
1.528	0.965	0.862
1.605	0.965	0.862
2.285	0.965	0.862
1.528	0.965	0.862
1.526	0.965	0.862
1.532	0.965	0.862
1.538	0.965	0.862
1.526	0.965	0.862
1.560	0.965	0.862
1.566	0.965	0.862
1.534	0.965	0.862
1.873	0.965	0.862
1.565	0.965	0.862
3.884	0.965	0.862
1.515	0.965	0.877
1.513	0.965	0.877
1.547	0.965	0.877
1.513	0.965	0.877
1.513	0.965	0.877
1.602	0.965	0.877
1.508	0.965	0.877
1.509	0.965	0.877
1.495	0.988	0.877
1.495	0.988	0.877
1.537	0.988	0.877
1.495	0.988	0.877
1.558	0.988	0.877
1.683	0.988	0.877
1.495	0.988	0.877
1.495	0.988	0.877
1.495	0.988	0.877
1.495	0.988	0.877
1.495	0.988	0.877
1.495	0.988	0.877
1.495	0.988	0.877
1.469	0.976	0.877
1.473	0.976	0.877
1.469	0.976	0.877
1.469	0.976	0.877
1.469	0.976	0.877
1.469	0.976	0.877
1.469	0.976	0.877
1.469	0.976	0.877
1.410	0.965	0.877
1.460	0.965	0.877
1.387	0.965	0.877
1.387	0.965	0.877
1.387	0.965	0.877
1.381	0.965	0.877
1.670	0.965	0.877
1.417	0.965	0.877
1.383	0.965	0.877
1.366	0.965	0.877
1.366	0.965	0.877
1.362	0.965	0.877
1.376	0.965	0.877
1.361	0.965	0.877
2.372	0.965	0.877
1.366	0.965	0.877
1.344	0.965	0.877
1.344	0.965	0.877
1.382	0.965	0.877
1.344	0.965	0.877
1.481	0.965	0.877
1.344	0.965	0.877
1.350	0.965	0.877
1.344	0.965	0.877
1.636	0.965	0.877
1.363	0.965	0.877
1.276	0.965	0.877
1.276	0.965	0.877
1.276	0.965	0.877
1.276	0.965	0.877
1.269	0.965	0.877
1.269	0.965	0.877
1.271	0.965	0.877
1.273	0.965	0.877
1.252	0.965	0.877
1.253	0.965	0.877
1.253	0.965	0.877
1.252	0.965	0.877
1.252	0.965	0.877
1.275	0.965	0.877
1.273	0.965	0.877
1.252	0.965	0.877
1.253	0.965	0.877
1.252	0.965	0.877
2.299	0.965	0.877

Error results for SA
---------------------------
11.699	0.212	0.262
11.699	0.212	0.262
11.699	0.212	0.262
11.699	0.212	0.262
11.699	0.212	0.262
9.977	0.788	0.738
9.977	0.788	0.738
9.977	0.788	0.738
9.977	0.788	0.738
9.977	0.788	0.738
9.977	0.788	0.738
8.931	0.788	0.738
8.931	0.788	0.738
8.931	0.788	0.738
8.931	0.788	0.738
8.931	0.788	0.738
8.931	0.788	0.738
8.931	0.788	0.738
8.931	0.788	0.738
8.931	0.788	0.738
8.931	0.788	0.738
8.931	0.788	0.738
8.931	0.788	0.738
8.931	0.788	0.738
8.931	0.788	0.738
8.931	0.788	0.738
8.931	0.788	0.738
8.931	0.788	0.738
8.931	0.788	0.738
8.931	0.788	0.738
8.931	0.788	0.738
8.931	0.788	0.738
8.931	0.788	0.738
8.931	0.788	0.738
8.931	0.788	0.738
8.931	0.788	0.738
8.931	0.788	0.738
8.931	0.788	0.738
8.931	0.788	0.738
7.473	0.788	0.738
7.473	0.788	0.738
7.473	0.788	0.738
7.473	0.788	0.738
7.473	0.788	0.738
7.278	0.788	0.738
7.278	0.788	0.738
7.278	0.788	0.738
7.278	0.788	0.738
7.278	0.788	0.738
7.278	0.788	0.738
7.278	0.788	0.738
7.278	0.788	0.738
7.278	0.788	0.738
7.278	0.788	0.738
7.278	0.788	0.738
7.278	0.788	0.738
7.278	0.788	0.738
7.278	0.788	0.738
7.278	0.788	0.738
7.278	0.788	0.738
7.278	0.788	0.738
7.278	0.788	0.738
7.278	0.788	0.738
7.351	0.788	0.738
7.351	0.788	0.738
7.351	0.788	0.738
7.351	0.788	0.738
7.351	0.788	0.738
7.351	0.788	0.738
7.094	0.788	0.738
7.094	0.788	0.738
7.094	0.788	0.738
7.094	0.788	0.738
7.094	0.788	0.738
7.094	0.788	0.738
7.094	0.788	0.738
7.094	0.788	0.738
7.094	0.788	0.738
7.094	0.788	0.738
7.094	0.788	0.738
7.094	0.788	0.738
7.094	0.788	0.738
7.094	0.788	0.738
7.094	0.788	0.738
7.094	0.788	0.738
7.127	0.788	0.738
7.127	0.788	0.738
7.127	0.788	0.738
7.127	0.788	0.738
7.127	0.788	0.738
7.127	0.788	0.738
7.127	0.788	0.738
7.127	0.788	0.738
7.127	0.788	0.738
7.127	0.788	0.738
7.127	0.788	0.738
7.127	0.788	0.738
7.127	0.788	0.738
7.127	0.788	0.738
7.127	0.788	0.738
7.127	0.788	0.738
7.127	0.788	0.738
7.127	0.788	0.738
7.127	0.788	0.738
7.127	0.788	0.738
7.127	0.788	0.738
7.127	0.788	0.738
7.127	0.788	0.738
7.127	0.788	0.738
7.127	0.788	0.738
7.250	0.788	0.738
7.250	0.788	0.738
7.250	0.788	0.738
7.250	0.788	0.738
7.250	0.788	0.738
7.250	0.788	0.738
7.250	0.788	0.738
7.250	0.788	0.738
7.250	0.788	0.738
7.250	0.788	0.738
7.249	0.788	0.738
7.228	0.788	0.738
7.228	0.788	0.738
7.228	0.788	0.738
7.228	0.788	0.738
7.228	0.788	0.738
7.228	0.788	0.738
7.228	0.788	0.738
7.228	0.788	0.738
7.228	0.788	0.738
7.228	0.788	0.738
7.228	0.788	0.738
7.228	0.788	0.738
7.228	0.788	0.738
7.228	0.788	0.738
7.228	0.788	0.738
7.228	0.788	0.738
7.228	0.788	0.738
7.228	0.788	0.738
7.228	0.788	0.738
7.228	0.788	0.738
7.228	0.788	0.738
7.228	0.788	0.738
7.228	0.788	0.738
7.228	0.788	0.738
7.228	0.788	0.738
7.478	0.788	0.738
7.478	0.788	0.738
7.478	0.788	0.738
7.478	0.788	0.738
7.478	0.788	0.738
7.478	0.788	0.738
7.478	0.788	0.738
7.478	0.788	0.738
7.478	0.788	0.738
7.478	0.788	0.738
7.478	0.788	0.738
7.478	0.788	0.738
7.478	0.788	0.738
7.478	0.788	0.738
7.478	0.788	0.738
7.478	0.788	0.738
7.478	0.788	0.738
7.478	0.788	0.738
7.478	0.788	0.738
7.478	0.788	0.738
7.478	0.788	0.738
7.478	0.788	0.738
7.478	0.788	0.738
7.478	0.788	0.738
7.478	0.788	0.738
7.478	0.788	0.738
7.478	0.788	0.738
7.478	0.788	0.738
7.478	0.788	0.738
7.478	0.788	0.738
7.478	0.788	0.738
7.478	0.788	0.738
7.478	0.788	0.738
7.478	0.788	0.738
7.478	0.788	0.738
7.478	0.788	0.738
7.356	0.788	0.738
7.356	0.788	0.738
7.356	0.788	0.738
7.356	0.788	0.738
7.356	0.788	0.738
7.356	0.788	0.738
7.193	0.788	0.738
7.193	0.788	0.738
7.193	0.788	0.738
7.193	0.788	0.738
7.193	0.788	0.738
7.193	0.788	0.738
7.193	0.788	0.738
7.193	0.788	0.738
7.193	0.788	0.738
7.193	0.788	0.738
7.193	0.788	0.738
7.192	0.788	0.738
7.192	0.788	0.738
7.192	0.788	0.738
7.192	0.788	0.738
7.192	0.788	0.738
7.192	0.788	0.738
7.142	0.788	0.738
7.142	0.788	0.738
7.142	0.788	0.738
7.141	0.788	0.738
7.141	0.788	0.738
7.141	0.788	0.738
7.141	0.788	0.738
7.141	0.788	0.738
7.141	0.788	0.738
7.141	0.788	0.738
7.141	0.788	0.738
7.141	0.788	0.738
7.157	0.788	0.738
7.157	0.788	0.738
7.157	0.788	0.738
7.157	0.788	0.738
7.158	0.788	0.738
7.158	0.788	0.738
7.158	0.788	0.738
7.158	0.788	0.738
7.158	0.788	0.738
7.158	0.788	0.738
7.158	0.788	0.738
7.158	0.788	0.738
7.158	0.788	0.738
7.158	0.788	0.738
7.158	0.788	0.738
7.158	0.788	0.738
7.158	0.788	0.738
7.158	0.788	0.738
7.318	0.788	0.738
7.318	0.788	0.738
7.318	0.788	0.738
7.318	0.788	0.738
7.318	0.788	0.738
7.318	0.788	0.738
7.318	0.788	0.738
7.318	0.788	0.738
7.726	0.788	0.738
7.726	0.788	0.738
7.726	0.788	0.738
7.726	0.788	0.738
7.726	0.788	0.738
7.726	0.788	0.738
7.726	0.788	0.738
7.726	0.788	0.738
7.371	0.788	0.738
7.371	0.788	0.738
7.371	0.788	0.738
7.371	0.788	0.738
7.371	0.788	0.738
7.371	0.788	0.738
7.371	0.788	0.738
7.371	0.788	0.738
7.371	0.788	0.738
7.371	0.788	0.738
7.371	0.788	0.738
7.371	0.788	0.738
7.371	0.788	0.738
7.371	0.788	0.738
7.371	0.788	0.738
7.371	0.788	0.738
7.156	0.788	0.738
7.160	0.788	0.738
7.160	0.788	0.738
7.160	0.788	0.738
7.160	0.788	0.738
7.160	0.788	0.738
7.160	0.788	0.738
7.160	0.788	0.738
7.160	0.788	0.738
7.160	0.788	0.738
7.160	0.788	0.738
7.160	0.788	0.738
7.194	0.788	0.738
7.194	0.788	0.738
7.194	0.788	0.738
7.194	0.788	0.738
7.194	0.788	0.738
7.194	0.788	0.738
7.194	0.788	0.738
7.194	0.788	0.738
7.194	0.788	0.738
7.194	0.788	0.738
7.194	0.788	0.738
7.123	0.788	0.738
7.123	0.788	0.738
7.123	0.788	0.738
7.123	0.788	0.738
7.124	0.788	0.738
7.124	0.788	0.738
7.123	0.788	0.738
7.123	0.788	0.738
7.123	0.788	0.738
7.123	0.788	0.738
7.123	0.788	0.738
7.123	0.788	0.738
7.123	0.788	0.738
7.123	0.788	0.738
7.123	0.788	0.738
7.123	0.788	0.738
7.123	0.788	0.738
7.123	0.788	0.738
7.123	0.788	0.738
7.071	0.788	0.738
7.071	0.788	0.738
7.071	0.788	0.738
7.071	0.788	0.738
7.071	0.788	0.738
7.071	0.788	0.738
7.071	0.788	0.738
7.071	0.788	0.738
7.071	0.788	0.738
7.073	0.788	0.738
7.073	0.788	0.738
7.073	0.788	0.738
7.073	0.788	0.738
7.073	0.788	0.738
7.073	0.788	0.738
7.073	0.788	0.738
7.073	0.788	0.738
7.073	0.788	0.738
7.073	0.788	0.738
7.073	0.788	0.738
7.073	0.788	0.738
7.108	0.788	0.738
7.108	0.788	0.738
7.106	0.788	0.738
7.106	0.788	0.738
7.106	0.788	0.738
7.107	0.788	0.738
7.107	0.788	0.738
7.148	0.788	0.738
7.148	0.788	0.738
7.148	0.788	0.738
7.148	0.788	0.738
7.207	0.788	0.738
7.207	0.788	0.738
7.389	0.788	0.738
7.389	0.788	0.738
7.389	0.788	0.738
7.386	0.788	0.738
7.386	0.788	0.738
7.153	0.788	0.738
7.153	0.788	0.738
7.153	0.788	0.738
7.153	0.788	0.738
7.153	0.788	0.738
7.153	0.788	0.738
7.153	0.788	0.738
7.153	0.788	0.738
8.103	0.788	0.738
7.917	0.788	0.738
7.917	0.788	0.738
7.791	0.788	0.738
7.791	0.788	0.738
7.791	0.788	0.738
8.059	0.788	0.738
8.059	0.788	0.738
8.059	0.788	0.738
8.049	0.788	0.738
8.054	0.788	0.738
7.947	0.788	0.738
7.947	0.788	0.738
7.998	0.788	0.738
8.001	0.788	0.738
8.001	0.788	0.738
8.001	0.788	0.738
8.001	0.788	0.738
8.001	0.788	0.738
8.001	0.788	0.738
8.001	0.788	0.738
7.959	0.788	0.738
7.959	0.788	0.738
7.959	0.788	0.738
7.959	0.788	0.738
7.959	0.788	0.738
7.959	0.788	0.738
7.959	0.788	0.738
7.857	0.788	0.738
8.052	0.788	0.738
8.052	0.788	0.738
8.052	0.788	0.738
8.052	0.788	0.738
8.052	0.788	0.738
8.052	0.788	0.738
8.052	0.788	0.738
8.052	0.788	0.738
8.052	0.788	0.738
8.052	0.788	0.738
7.917	0.788	0.738
7.917	0.788	0.738
7.917	0.788	0.738
7.917	0.788	0.738
8.116	0.788	0.738
8.116	0.788	0.738
8.096	0.788	0.738
8.096	0.788	0.738
8.244	0.788	0.738
8.244	0.788	0.738
8.244	0.788	0.738
8.088	0.788	0.738
8.088	0.788	0.738
8.088	0.788	0.738
8.088	0.788	0.738
8.088	0.788	0.738
8.536	0.788	0.738
8.536	0.788	0.738
8.536	0.788	0.738
8.536	0.788	0.738
8.536	0.788	0.738
8.536	0.788	0.738
8.536	0.788	0.738
8.536	0.788	0.738
8.536	0.788	0.738
8.536	0.788	0.738
8.536	0.788	0.738
8.536	0.788	0.738
8.536	0.788	0.738
8.393	0.788	0.738
8.393	0.788	0.738
8.393	0.788	0.738
8.393	0.788	0.738
8.393	0.788	0.738
8.393	0.788	0.738
8.393	0.788	0.738
8.393	0.788	0.738
8.393	0.788	0.738
8.393	0.788	0.738
8.393	0.788	0.738
8.393	0.788	0.738
8.393	0.788	0.738
8.393	0.788	0.738
8.393	0.788	0.738
8.393	0.788	0.738
8.273	0.788	0.738
8.273	0.788	0.738
8.273	0.788	0.738
8.273	0.788	0.738
8.273	0.788	0.738
8.273	0.788	0.738
8.273	0.788	0.738
8.273	0.788	0.738
8.273	0.788	0.738
8.273	0.788	0.738
8.273	0.788	0.738
8.273	0.788	0.738
8.502	0.788	0.738
8.502	0.788	0.738
8.502	0.788	0.738
8.502	0.788	0.738
8.502	0.788	0.738
8.502	0.788	0.738
8.502	0.788	0.738
8.502	0.788	0.738
8.502	0.788	0.738
8.502	0.788	0.738
8.502	0.788	0.738
8.502	0.788	0.738
8.502	0.788	0.738
8.236	0.788	0.738
8.236	0.788	0.738
8.236	0.788	0.738
8.236	0.788	0.738
8.236	0.788	0.738
8.236	0.788	0.738
8.236	0.788	0.738
8.236	0.788	0.738
8.236	0.788	0.738
8.236	0.788	0.738
8.236	0.788	0.738
8.236	0.788	0.738
8.504	0.788	0.738
8.504	0.788	0.738
8.504	0.788	0.738
8.504	0.788	0.738
8.504	0.788	0.738
8.504	0.788	0.738
8.504	0.788	0.738
8.504	0.788	0.738
8.504	0.788	0.738
8.437	0.788	0.738
8.437	0.788	0.738
8.437	0.788	0.738
8.437	0.788	0.738
8.618	0.788	0.738
8.618	0.788	0.738
8.618	0.788	0.738
8.489	0.788	0.738
8.489	0.788	0.738
8.489	0.788	0.738
8.489	0.788	0.738
8.489	0.788	0.738
8.489	0.788	0.738
8.489	0.788	0.738
8.489	0.788	0.738
8.489	0.788	0.738
8.489	0.788	0.738
8.489	0.788	0.738
8.489	0.788	0.738
8.489	0.788	0.738
8.489	0.788	0.738
8.489	0.788	0.738
8.489	0.788	0.738
8.489	0.788	0.738
8.489	0.788	0.738
8.489	0.788	0.738
8.489	0.788	0.738
8.489	0.788	0.738
8.489	0.788	0.738
8.489	0.788	0.738
8.452	0.788	0.738
8.452	0.788	0.738
8.452	0.788	0.738
8.452	0.788	0.738
8.452	0.788	0.738
8.452	0.788	0.738
8.452	0.788	0.738
8.452	0.788	0.738
8.452	0.788	0.738
8.452	0.788	0.738
8.452	0.788	0.738
8.452	0.788	0.738
8.452	0.788	0.738
8.452	0.788	0.738
8.452	0.788	0.738
8.452	0.788	0.738
8.162	0.788	0.738
8.162	0.788	0.738
8.162	0.788	0.738
8.162	0.788	0.738
8.162	0.788	0.738
8.162	0.788	0.738
8.162	0.788	0.738
8.162	0.788	0.738
8.162	0.788	0.738
8.162	0.788	0.738
8.162	0.788	0.738
8.162	0.788	0.738
8.162	0.788	0.738
8.162	0.788	0.738
8.162	0.788	0.738
8.162	0.788	0.738
8.415	0.788	0.738
8.415	0.788	0.738
8.415	0.788	0.738
8.415	0.788	0.738
8.415	0.788	0.738
8.415	0.788	0.738
8.415	0.788	0.738
8.415	0.788	0.738
8.414	0.788	0.738
8.414	0.788	0.738
8.414	0.788	0.738
8.414	0.788	0.738
8.414	0.788	0.738
8.414	0.788	0.738
8.176	0.788	0.738
8.176	0.788	0.738
8.176	0.788	0.738
8.177	0.788	0.738
8.177	0.788	0.738
8.177	0.788	0.738
8.177	0.788	0.738
8.177	0.788	0.738
8.177	0.788	0.738
8.177	0.788	0.738
8.177	0.788	0.738
8.177	0.788	0.738
8.178	0.788	0.738
8.178	0.788	0.738
8.178	0.788	0.738
8.178	0.788	0.738
8.178	0.788	0.738
8.178	0.788	0.738
8.178	0.788	0.738
8.178	0.788	0.738
8.178	0.788	0.738
8.178	0.788	0.738
8.178	0.788	0.738
8.178	0.788	0.738
8.178	0.788	0.738
8.178	0.788	0.738
8.178	0.788	0.738
8.178	0.788	0.738
8.178	0.788	0.738
8.178	0.788	0.738
8.178	0.788	0.738
8.178	0.788	0.738
8.178	0.788	0.738
8.178	0.788	0.738
8.178	0.788	0.738
8.178	0.788	0.738
8.178	0.788	0.738
8.178	0.788	0.738
8.178	0.788	0.738
8.178	0.788	0.738
8.178	0.788	0.738
8.178	0.788	0.738
8.178	0.788	0.738
8.178	0.788	0.738
8.178	0.788	0.738
8.178	0.788	0.738
8.178	0.788	0.738
8.178	0.788	0.738
8.178	0.788	0.738
8.178	0.788	0.738
8.254	0.788	0.738
8.178	0.788	0.738
8.175	0.788	0.738
8.158	0.788	0.738
8.158	0.788	0.738
8.158	0.788	0.738
8.158	0.788	0.738
8.158	0.788	0.738
8.158	0.788	0.738
8.158	0.788	0.738
8.158	0.788	0.738
8.158	0.788	0.738
8.158	0.788	0.738
8.158	0.788	0.738
8.158	0.788	0.738
8.204	0.788	0.738
8.158	0.788	0.738
8.158	0.788	0.738
8.158	0.788	0.738
8.158	0.788	0.738
8.158	0.788	0.738
8.158	0.788	0.738
8.158	0.788	0.738
8.158	0.788	0.738
8.158	0.788	0.738
8.158	0.788	0.738
8.158	0.788	0.738
8.231	0.788	0.738
8.158	0.788	0.738
8.158	0.788	0.738
8.158	0.788	0.738
8.228	0.788	0.738
8.158	0.788	0.738
8.158	0.788	0.738
8.158	0.788	0.738
8.158	0.788	0.738
8.158	0.788	0.738
8.158	0.788	0.738
7.940	0.788	0.738
7.940	0.788	0.738
7.940	0.788	0.738
7.940	0.788	0.738
7.812	0.788	0.738
7.812	0.788	0.738
7.812	0.788	0.738
7.812	0.788	0.738
7.812	0.788	0.738
7.945	0.788	0.738
7.812	0.788	0.738
7.812	0.788	0.738
7.812	0.788	0.738
7.812	0.788	0.738
7.812	0.788	0.738
7.812	0.788	0.738
7.812	0.788	0.738
7.812	0.788	0.738
7.812	0.788	0.738
8.120	0.788	0.738
7.812	0.788	0.738
7.812	0.788	0.738
7.812	0.788	0.738
7.812	0.788	0.738
7.812	0.788	0.738
7.812	0.788	0.738
7.812	0.788	0.738
7.812	0.788	0.738
7.812	0.788	0.738
8.148	0.788	0.738
7.812	0.788	0.738
7.812	0.788	0.738
7.812	0.788	0.738
7.815	0.788	0.738
7.812	0.788	0.738
7.812	0.788	0.738
7.812	0.788	0.738
7.812	0.788	0.738
7.812	0.788	0.738
7.812	0.788	0.738
7.812	0.788	0.738
7.812	0.788	0.738
7.812	0.788	0.738
7.812	0.788	0.738
7.812	0.788	0.738
7.812	0.788	0.738
7.812	0.788	0.738
7.812	0.788	0.738
7.812	0.788	0.738
7.812	0.788	0.738
7.812	0.788	0.738
7.812	0.788	0.738
7.812	0.788	0.738
7.812	0.788	0.738
7.812	0.788	0.738
7.812	0.788	0.738
7.812	0.788	0.738
7.808	0.788	0.738
7.808	0.788	0.738
7.808	0.788	0.738
7.808	0.788	0.738
7.808	0.788	0.738
7.808	0.788	0.738
7.808	0.788	0.738
7.808	0.788	0.738
7.867	0.788	0.738
7.808	0.788	0.738
7.808	0.788	0.738
7.808	0.788	0.738
7.808	0.788	0.738
7.416	0.788	0.738
7.416	0.788	0.738
7.416	0.788	0.738
7.420	0.788	0.738
7.416	0.788	0.738
7.416	0.788	0.738
7.436	0.788	0.738
7.416	0.788	0.738
7.416	0.788	0.738
7.416	0.788	0.738
7.416	0.788	0.738
7.416	0.788	0.738
7.416	0.788	0.738
7.416	0.788	0.738
7.416	0.788	0.738
7.416	0.788	0.738
7.419	0.788	0.738
7.416	0.788	0.738
7.416	0.788	0.738
7.416	0.788	0.738
7.416	0.788	0.738
7.699	0.788	0.738
7.416	0.788	0.738
7.416	0.788	0.738
7.416	0.788	0.738
7.416	0.788	0.738
7.414	0.788	0.738
7.414	0.788	0.738
7.414	0.788	0.738
7.414	0.788	0.738
7.613	0.788	0.738
7.414	0.788	0.738
7.414	0.788	0.738
7.414	0.788	0.738
7.414	0.788	0.738
7.414	0.788	0.738
7.154	0.788	0.738
7.154	0.788	0.738
7.154	0.788	0.738
7.154	0.788	0.738
7.154	0.788	0.738
7.154	0.788	0.738
7.154	0.788	0.738
7.154	0.788	0.738
7.154	0.788	0.738
7.154	0.788	0.738
7.158	0.788	0.738
7.154	0.788	0.738
7.152	0.788	0.738
7.152	0.788	0.738
7.159	0.788	0.738
7.330	0.788	0.738
7.152	0.788	0.738
7.152	0.788	0.738
7.152	0.788	0.738
7.152	0.788	0.738
7.152	0.788	0.738
7.152	0.788	0.738
7.145	0.788	0.738
7.145	0.788	0.738
7.145	0.788	0.738
7.145	0.788	0.738
7.159	0.788	0.738
7.056	0.788	0.738
7.056	0.788	0.738
7.056	0.788	0.738
7.056	0.788	0.738
7.056	0.788	0.738
7.056	0.788	0.738
7.056	0.788	0.738
7.056	0.788	0.738
7.056	0.788	0.738
7.068	0.788	0.738
7.056	0.788	0.738
7.331	0.788	0.738
7.056	0.788	0.738
7.056	0.788	0.738
7.056	0.788	0.738
7.056	0.788	0.738
7.056	0.788	0.738
7.056	0.788	0.738
7.056	0.788	0.738
7.056	0.788	0.738
7.056	0.788	0.738
7.059	0.788	0.738
7.056	0.788	0.738
7.057	0.788	0.738
7.056	0.788	0.738
7.056	0.788	0.738
7.056	0.788	0.738
7.056	0.788	0.738
7.056	0.788	0.738
7.056	0.788	0.738
7.205	0.788	0.738
7.089	0.788	0.738
7.056	0.788	0.738
7.056	0.788	0.738
7.056	0.788	0.738
7.056	0.788	0.738
7.056	0.788	0.738
7.056	0.788	0.738
7.056	0.788	0.738
7.056	0.788	0.738
7.056	0.788	0.738
7.056	0.788	0.738
7.056	0.788	0.738
7.056	0.788	0.738
7.056	0.788	0.738
7.056	0.788	0.738
7.056	0.788	0.738
7.056	0.788	0.738
7.056	0.788	0.738
7.056	0.788	0.738
7.056	0.788	0.738
7.094	0.788	0.738
7.049	0.788	0.738
7.049	0.788	0.738
7.049	0.788	0.738
7.049	0.788	0.738
7.052	0.788	0.738
7.049	0.788	0.738
7.049	0.788	0.738
7.049	0.788	0.738
7.048	0.788	0.738
7.048	0.788	0.738
7.048	0.788	0.738
7.048	0.788	0.738
7.048	0.788	0.738
7.050	0.788	0.738
7.047	0.788	0.738
7.331	0.788	0.738
7.047	0.788	0.738
7.047	0.788	0.738
7.047	0.788	0.738
7.047	0.788	0.738
7.047	0.788	0.738
7.047	0.788	0.738
7.047	0.788	0.738
7.218	0.788	0.738
7.047	0.788	0.738
7.048	0.788	0.738
7.047	0.788	0.738
7.047	0.788	0.738
7.047	0.788	0.738
7.064	0.788	0.738
7.047	0.788	0.738
7.047	0.788	0.738
7.047	0.788	0.738
7.047	0.788	0.738
7.047	0.788	0.738
7.047	0.788	0.738
7.045	0.788	0.738
7.253	0.788	0.738
7.045	0.788	0.738
7.284	0.788	0.738
7.045	0.788	0.738
7.045	0.788	0.738
7.116	0.788	0.738
7.158	0.788	0.738
7.045	0.788	0.738
7.045	0.788	0.738
7.045	0.788	0.738
7.045	0.788	0.738
7.283	0.788	0.738
7.255	0.788	0.738
7.203	0.788	0.738
7.036	0.788	0.738
7.036	0.788	0.738
7.036	0.788	0.738
7.036	0.788	0.738
7.036	0.788	0.738
7.118	0.788	0.738
7.043	0.788	0.738
7.036	0.788	0.738
7.036	0.788	0.738
7.036	0.788	0.738
7.036	0.788	0.738
7.036	0.788	0.738
7.036	0.788	0.738
7.036	0.788	0.738
7.036	0.788	0.738
7.036	0.788	0.738
7.036	0.788	0.738
7.036	0.788	0.738
7.036	0.788	0.738
7.036	0.788	0.738
7.036	0.788	0.738
7.036	0.788	0.738
7.221	0.788	0.738
7.036	0.788	0.738
7.036	0.788	0.738
7.036	0.788	0.738
7.036	0.788	0.738
7.036	0.788	0.738
7.036	0.788	0.738
6.893	0.788	0.738
6.893	0.788	0.738
6.893	0.788	0.738
6.893	0.788	0.738
6.893	0.788	0.738
6.926	0.788	0.738
6.893	0.788	0.738
6.893	0.788	0.738
6.893	0.788	0.738
6.893	0.788	0.738
6.893	0.788	0.738
6.893	0.788	0.738
6.893	0.788	0.738
6.893	0.788	0.738
6.893	0.788	0.738
6.893	0.788	0.738
6.893	0.788	0.738
6.893	0.788	0.738
6.893	0.788	0.738
6.893	0.788	0.738
6.893	0.788	0.738
6.878	0.788	0.738
6.878	0.788	0.738
6.971	0.788	0.738
6.878	0.788	0.738
6.878	0.788	0.738
6.878	0.788	0.738
6.878	0.788	0.738
6.878	0.788	0.738
6.878	0.788	0.738
6.878	0.788	0.738
6.878	0.788	0.738
6.910	0.788	0.738
6.878	0.788	0.738
6.878	0.788	0.738
6.878	0.788	0.738
6.878	0.788	0.738
6.878	0.788	0.738
6.878	0.788	0.738
6.878	0.788	0.738
6.878	0.788	0.738
6.878	0.788	0.738
6.878	0.788	0.738
6.878	0.788	0.738
6.887	0.788	0.738
6.878	0.788	0.738
6.878	0.788	0.738
7.020	0.788	0.738
6.878	0.788	0.738
6.878	0.788	0.738
6.878	0.788	0.738
6.878	0.788	0.738
6.985	0.788	0.738
7.125	0.788	0.738
6.878	0.788	0.738
6.878	0.788	0.738
6.878	0.788	0.738
6.878	0.788	0.738
6.878	0.788	0.738
6.878	0.788	0.738
6.878	0.788	0.738
6.878	0.788	0.738
6.878	0.788	0.738
7.648	0.788	0.738
6.878	0.788	0.738
6.878	0.788	0.738
6.878	0.788	0.738
6.878	0.788	0.738
6.878	0.788	0.738
6.878	0.788	0.738
6.878	0.788	0.738
6.878	0.788	0.738
6.878	0.788	0.738
6.878	0.788	0.738
7.096	0.788	0.738
6.878	0.788	0.738
6.878	0.788	0.738
6.878	0.788	0.738
6.878	0.788	0.738
6.955	0.788	0.738
6.878	0.788	0.738
6.878	0.788	0.738
6.878	0.788	0.738
6.878	0.788	0.738
6.878	0.788	0.738

Error results for GA
---------------------------
9.122	0.788	0.738
8.861	0.788	0.738
16.810	0.918	0.862
7.605	0.918	0.862
6.734	0.918	0.862
7.545	0.918	0.862
12.072	0.918	0.862
7.380	0.918	0.862
11.974	0.918	0.862
8.950	0.918	0.862
7.090	0.918	0.862
7.073	0.788	0.738
9.128	0.788	0.738
7.394	0.788	0.738
7.164	0.788	0.738
11.240	0.788	0.738
9.174	0.788	0.738
12.039	0.788	0.738
7.710	0.788	0.738
8.354	0.788	0.738
7.186	0.788	0.738
7.067	0.788	0.738
14.121	0.788	0.738
7.358	0.788	0.738
13.561	0.788	0.738
7.603	0.788	0.738
7.494	0.788	0.738
10.831	0.788	0.738
7.467	0.788	0.738
7.142	0.788	0.738
7.130	0.788	0.738
8.246	0.788	0.738
7.206	0.788	0.738
7.125	0.788	0.738
7.942	0.788	0.738
7.781	0.788	0.738
7.838	0.788	0.738
7.159	0.788	0.738
7.848	0.788	0.738
7.495	0.788	0.738
7.386	0.788	0.738
7.426	0.788	0.738
7.778	0.788	0.738
7.232	0.788	0.738
7.164	0.788	0.738
7.157	0.788	0.738
7.327	0.788	0.738
12.159	0.788	0.738
7.104	0.788	0.738
7.108	0.788	0.738
7.454	0.788	0.738
7.402	0.788	0.738
7.140	0.788	0.738
8.820	0.788	0.738
7.106	0.788	0.738
7.109	0.788	0.738
6.465	0.788	0.738
7.627	0.788	0.738
7.176	0.788	0.738
7.030	0.788	0.738
7.818	0.788	0.738
7.618	0.788	0.738
7.408	0.788	0.738
8.434	0.788	0.738
9.046	0.788	0.738
8.610	0.788	0.738
7.747	0.788	0.738
6.116	0.788	0.738
7.300	0.788	0.738
9.223	0.788	0.738
7.774	0.788	0.738
6.392	0.788	0.738
7.161	0.788	0.738
7.590	0.788	0.738
7.465	0.788	0.738
7.886	0.788	0.738
6.721	0.788	0.738
5.838	0.788	0.738
7.212	0.788	0.738
8.076	0.788	0.738
7.095	0.788	0.738
10.824	0.788	0.738
7.208	0.788	0.738
7.664	0.788	0.738
6.743	0.788	0.738
7.088	0.788	0.738
6.423	0.788	0.738
7.899	0.788	0.738
7.094	0.824	0.738
7.844	0.824	0.738
8.039	0.824	0.738
7.221	0.824	0.738
7.122	0.824	0.738
7.694	0.788	0.738
6.978	0.788	0.738
6.762	0.788	0.738
6.993	0.788	0.738
8.515	0.788	0.738
7.804	0.776	0.738
7.812	0.788	0.738
6.219	0.765	0.738
6.184	0.765	0.738
6.800	0.765	0.738
6.111	0.776	0.738
5.800	0.788	0.738
7.731	0.788	0.738
7.322	0.788	0.738
7.421	0.788	0.738
8.208	0.788	0.738
6.207	0.776	0.738
6.669	0.776	0.738
8.127	0.776	0.738
6.045	0.788	0.738
7.273	0.788	0.738
6.754	0.788	0.738
6.933	0.788	0.738
6.063	0.788	0.738
6.817	0.788	0.738
6.330	0.788	0.738
6.555	0.788	0.738
6.100	0.788	0.738
6.209	0.788	0.738
5.907	0.788	0.738
7.929	0.847	0.785
7.374	0.788	0.738
7.032	0.788	0.738
6.973	0.788	0.738
5.970	0.788	0.738
6.978	0.788	0.738
5.537	0.788	0.738
6.799	0.788	0.738
6.428	0.788	0.723
6.457	0.788	0.738
5.885	0.788	0.738
6.725	0.788	0.738
6.797	0.788	0.738
7.304	0.788	0.738
6.900	0.788	0.738
6.148	0.788	0.738
8.505	0.776	0.738
6.285	0.776	0.738
6.565	0.788	0.738
6.099	0.788	0.738
6.591	0.788	0.738
6.217	0.788	0.738
5.992	0.788	0.738
6.433	0.788	0.738
6.084	0.788	0.738
6.127	0.788	0.738
6.313	0.788	0.738
6.093	0.788	0.738
6.425	0.788	0.738
6.178	0.788	0.738
6.181	0.788	0.738
6.065	0.788	0.738
6.320	0.788	0.738
6.059	0.788	0.738
6.780	0.788	0.738
6.813	0.788	0.738
6.737	0.788	0.738
6.147	0.788	0.738
5.958	0.788	0.738
6.195	0.788	0.738
6.021	0.788	0.738
6.491	0.788	0.738
7.397	0.788	0.738
6.221	0.788	0.738
6.266	0.788	0.738
6.152	0.788	0.738
5.882	0.788	0.738
6.280	0.788	0.738
5.972	0.788	0.738
6.122	0.788	0.738
6.024	0.788	0.738
6.126	0.788	0.738
6.156	0.788	0.738
6.079	0.788	0.738
5.995	0.788	0.738
6.139	0.788	0.738
6.252	0.788	0.738
5.896	0.788	0.738
5.936	0.788	0.738
5.800	0.788	0.738
6.318	0.788	0.738
6.169	0.788	0.738
6.595	0.788	0.738
6.144	0.788	0.738
6.475	0.788	0.738
6.544	0.788	0.738
6.069	0.788	0.738
6.315	0.788	0.738
5.976	0.788	0.738
7.047	0.788	0.738
6.042	0.788	0.738
6.016	0.788	0.738
5.977	0.788	0.738
6.508	0.788	0.738
6.503	0.788	0.738
6.420	0.788	0.738
6.068	0.788	0.738
6.348	0.788	0.738
6.068	0.788	0.738
5.704	0.788	0.738
6.311	0.788	0.738
5.862	0.788	0.738
6.884	0.788	0.738
5.827	0.788	0.738
6.052	0.788	0.738
6.037	0.788	0.738
6.144	0.788	0.738
5.390	0.788	0.738
6.339	0.788	0.738
5.773	0.788	0.738
5.803	0.788	0.738
5.894	0.788	0.738
7.471	0.788	0.738
6.107	0.788	0.738
5.879	0.788	0.738
5.446	0.788	0.738
6.012	0.788	0.738
5.770	0.788	0.738
6.053	0.788	0.738
6.106	0.788	0.738
6.353	0.788	0.738
5.887	0.788	0.738
6.314	0.788	0.738
5.997	0.788	0.738
6.338	0.788	0.738
5.887	0.788	0.738
6.618	0.788	0.738
5.875	0.788	0.738
6.333	0.788	0.738
6.092	0.788	0.738
5.468	0.788	0.738
5.799	0.788	0.738
6.080	0.788	0.738
5.943	0.788	0.738
6.504	0.800	0.738
5.293	0.788	0.738
6.136	0.788	0.738
5.878	0.788	0.738
6.042	0.788	0.738
6.116	0.788	0.738
5.673	0.788	0.738
6.195	0.788	0.738
5.917	0.788	0.738
5.492	0.788	0.738
8.793	0.788	0.738
6.355	0.788	0.738
5.985	0.788	0.738
5.599	0.788	0.738
5.734	0.788	0.738
5.451	0.788	0.738
5.415	0.788	0.738
5.972	0.788	0.738
5.270	0.788	0.738
5.327	0.788	0.738
5.670	0.788	0.738
6.747	0.788	0.738
5.399	0.788	0.738
5.405	0.788	0.738
6.387	0.788	0.738
5.828	0.800	0.738
5.915	0.788	0.738
6.172	0.788	0.738
6.231	0.788	0.738
6.452	0.788	0.738
6.121	0.788	0.738
5.808	0.788	0.738
5.748	0.788	0.738
5.697	0.788	0.738
5.395	0.788	0.738
5.360	0.788	0.738
6.076	0.788	0.738
5.589	0.800	0.738
5.881	0.800	0.738
5.502	0.800	0.738
5.548	0.800	0.738
5.434	0.788	0.738
5.689	0.788	0.738
5.637	0.800	0.738
5.445	0.788	0.738
5.324	0.788	0.738
5.474	0.788	0.738
6.124	0.788	0.738
5.588	0.788	0.738
6.082	0.788	0.738
5.529	0.788	0.738
10.457	0.788	0.738
5.779	0.788	0.738
5.348	0.788	0.738
5.630	0.788	0.738
5.033	0.788	0.738
5.454	0.788	0.738
5.329	0.788	0.738
5.621	0.788	0.738
5.748	0.788	0.738
5.508	0.788	0.738
5.296	0.788	0.738
5.394	0.788	0.738
5.425	0.788	0.738
5.285	0.788	0.738
5.326	0.788	0.738
5.407	0.788	0.738
5.282	0.788	0.738
5.472	0.788	0.738
5.829	0.788	0.738
5.697	0.788	0.738
5.413	0.788	0.738
5.348	0.788	0.738
5.322	0.788	0.738
5.365	0.788	0.738
6.322	0.788	0.738
5.660	0.788	0.738
5.472	0.788	0.738
5.798	0.788	0.738
5.388	0.788	0.738
5.601	0.788	0.738
5.319	0.788	0.738
5.459	0.788	0.738
5.494	0.788	0.738
5.663	0.788	0.738
5.487	0.788	0.738
5.637	0.788	0.738
5.449	0.788	0.738
5.524	0.788	0.738
5.469	0.788	0.738
5.566	0.788	0.738
5.575	0.788	0.738
5.503	0.788	0.738
5.597	0.788	0.738
5.379	0.788	0.738
5.410	0.788	0.738
5.365	0.788	0.738
5.551	0.788	0.738
5.503	0.788	0.738
5.528	0.788	0.738
5.455	0.788	0.738
5.562	0.788	0.738
5.344	0.788	0.738
5.409	0.788	0.738
5.746	0.788	0.738
5.355	0.788	0.738
5.553	0.788	0.738
5.446	0.800	0.738
5.370	0.929	0.846
5.377	0.929	0.846
5.355	0.929	0.846
5.380	0.918	0.815
5.439	0.929	0.846
5.408	0.788	0.738
5.364	0.788	0.738
5.410	0.788	0.738
5.595	0.788	0.738
5.375	0.882	0.800
5.578	0.788	0.738
4.069	0.788	0.738
5.470	0.929	0.877
5.353	0.929	0.877
7.729	0.941	0.846
3.855	0.929	0.862
5.441	0.929	0.862
5.444	0.906	0.815
5.500	0.906	0.815
5.359	0.929	0.846
5.341	0.929	0.877
5.408	0.929	0.877
5.333	0.941	0.846
3.182	0.941	0.846
3.923	0.929	0.877
4.052	0.929	0.877
3.179	0.929	0.877
2.975	0.929	0.877
4.080	0.929	0.877
3.882	0.929	0.877
3.969	0.929	0.877
3.965	0.929	0.877
3.220	0.929	0.877
3.055	0.929	0.877
3.883	0.929	0.877
3.977	0.929	0.877
3.058	0.941	0.877
3.026	0.941	0.877
3.837	0.929	0.877
3.209	0.929	0.877
3.965	0.929	0.877
3.415	0.929	0.877
3.426	0.929	0.877
3.414	0.929	0.846
3.029	0.929	0.846
3.068	0.941	0.846
2.987	0.941	0.846
3.026	0.929	0.862
3.063	0.929	0.862
3.412	0.941	0.877
3.201	0.929	0.846
3.068	0.941	0.877
3.409	0.941	0.877
3.039	0.929	0.877
3.061	0.929	0.877
3.029	0.929	0.846
3.344	0.941	0.877
3.164	0.941	0.877
2.937	0.941	0.877
2.948	0.929	0.877
2.948	0.929	0.877
3.008	0.929	0.877
3.121	0.929	0.877
3.026	0.929	0.877
3.163	0.929	0.877
3.023	0.929	0.846
3.330	0.929	0.877
3.352	0.929	0.846
3.179	0.929	0.846
3.329	0.929	0.862
3.033	0.929	0.862
3.033	0.929	0.862
3.045	0.929	0.862
3.002	0.929	0.877
3.170	0.929	0.877
3.164	0.929	0.862
2.983	0.929	0.862
3.026	0.929	0.877
16.086	0.929	0.877
3.179	0.929	0.877
2.980	0.929	0.877
3.018	0.929	0.877
3.172	0.929	0.862
3.172	0.929	0.877
3.061	0.929	0.877
2.979	0.929	0.862
2.931	0.929	0.862
2.948	0.929	0.862
3.035	0.929	0.877
3.026	0.941	0.877
2.983	0.941	0.877
3.027	0.941	0.877
2.983	0.941	0.877
3.204	0.941	0.877
3.223	0.929	0.877
3.069	0.941	0.877
2.932	0.941	0.877
3.026	0.941	0.877
2.941	0.929	0.877
3.027	0.941	0.877
3.067	0.941	0.877
3.027	0.941	0.877
3.035	0.941	0.877
2.980	0.941	0.877
2.937	0.929	0.877
3.028	0.929	0.877
3.026	0.929	0.877
2.948	0.929	0.877
3.035	0.929	0.877
2.948	0.929	0.877
3.161	0.929	0.877
3.020	0.929	0.877
2.989	0.941	0.877
3.020	0.929	0.877
3.026	0.929	0.877
3.049	0.929	0.877
2.952	0.929	0.877
2.983	0.929	0.877
2.948	0.929	0.877
3.035	0.929	0.877
3.318	0.929	0.877
2.928	0.929	0.877
3.027	0.929	0.877
3.026	0.929	0.877
2.933	0.929	0.877
2.948	0.929	0.877
2.985	0.929	0.877
2.985	0.929	0.877
3.027	0.929	0.877
3.026	0.929	0.877
2.943	0.929	0.877
3.011	0.929	0.877
2.948	0.929	0.877
3.021	0.929	0.877
2.969	0.929	0.877
2.957	0.929	0.877
2.948	0.929	0.877
2.933	0.929	0.877
2.930	0.929	0.877
2.938	0.929	0.877
2.922	0.929	0.877
3.026	0.929	0.877
2.927	0.929	0.877
3.059	0.929	0.877
2.932	0.929	0.877
3.026	0.929	0.877
3.034	0.929	0.877
2.924	0.929	0.877
2.930	0.929	0.877
2.930	0.929	0.877
2.927	0.929	0.877
2.945	0.941	0.877
2.957	0.941	0.877
2.943	0.941	0.877
3.028	0.929	0.846
2.927	0.941	0.877
2.948	0.941	0.877
2.930	0.941	0.877
2.948	0.941	0.877
2.931	0.941	0.877
2.699	0.941	0.877
2.936	0.941	0.877
2.938	0.941	0.877
3.014	0.941	0.877
2.927	0.941	0.877
3.137	0.941	0.877
3.234	0.941	0.877
2.965	0.929	0.877
2.959	0.941	0.877
2.931	0.941	0.877
2.927	0.941	0.877
2.938	0.941	0.877
2.879	0.941	0.877
2.684	0.941	0.877
2.708	0.941	0.877
2.905	0.941	0.877
2.979	0.941	0.877
3.315	0.941	0.877
2.708	0.941	0.877
2.947	0.941	0.877
3.178	0.941	0.877
2.729	0.941	0.877
2.888	0.941	0.877
2.965	0.941	0.877
2.957	0.941	0.877
2.706	0.941	0.877
2.731	0.941	0.877
2.768	0.918	0.892
2.790	0.929	0.877
2.941	0.941	0.877
2.971	0.941	0.877
2.732	0.941	0.877
2.926	0.941	0.877
2.966	0.941	0.877
2.732	0.941	0.877
2.538	0.941	0.877
2.732	0.941	0.877
3.122	0.941	0.877
2.732	0.941	0.877
2.707	0.941	0.877
2.943	0.941	0.877
2.962	0.941	0.877
2.963	0.941	0.877
2.730	0.929	0.877
2.975	0.929	0.877
2.732	0.929	0.877
2.706	0.929	0.877
2.977	0.929	0.862
2.703	0.929	0.862
2.732	0.929	0.862
2.706	0.929	0.877
2.705	0.941	0.877
2.707	0.941	0.877
2.732	0.941	0.877
2.686	0.941	0.877
2.699	0.929	0.877
2.703	0.929	0.877
2.732	0.929	0.877
2.973	0.941	0.877
2.732	0.941	0.877
2.726	0.929	0.877
2.707	0.929	0.877
2.696	0.941	0.877
2.699	0.929	0.877
2.705	0.929	0.877
2.706	0.929	0.862
2.696	0.929	0.862
2.887	0.929	0.862
2.699	0.941	0.877
2.703	0.941	0.877
2.707	0.929	0.862
2.960	0.929	0.862
2.685	0.941	0.877
2.719	0.941	0.877
2.720	0.941	0.877
3.004	0.941	0.877
2.705	0.941	0.877
2.686	0.929	0.877
2.720	0.929	0.877
2.726	0.929	0.877
2.686	0.929	0.877
2.685	0.929	0.877
2.685	0.929	0.877
2.699	0.929	0.877
2.932	0.929	0.877
2.688	0.941	0.877
2.696	0.941	0.877
2.685	0.941	0.877
2.693	0.929	0.877
2.691	0.941	0.877
3.011	0.941	0.877
2.689	0.941	0.877
2.685	0.941	0.877
2.723	0.929	0.877
2.686	0.941	0.877
2.943	0.941	0.877
2.768	0.929	0.877
2.683	0.941	0.877
2.689	0.941	0.877
2.717	0.929	0.877
2.691	0.929	0.877
2.689	0.929	0.877
2.726	0.941	0.877
2.691	0.941	0.877
2.685	0.929	0.877
2.685	0.941	0.877
2.683	0.941	0.877
2.685	0.941	0.877
2.682	0.941	0.877
2.724	0.941	0.877
2.685	0.941	0.877
2.682	0.941	0.877
2.691	0.941	0.877
2.685	0.941	0.877
2.720	0.941	0.877
2.720	0.941	0.877
2.750	0.941	0.877
2.685	0.941	0.877
2.685	0.941	0.877
2.685	0.941	0.877
2.803	0.941	0.877
3.023	0.941	0.877
2.709	0.941	0.877
2.770	0.941	0.877
2.682	0.941	0.877
2.686	0.941	0.877
2.685	0.941	0.877
2.685	0.941	0.877
2.689	0.941	0.877
5.337	0.941	0.877
2.750	0.941	0.877
5.337	0.941	0.877
2.739	0.941	0.877
2.722	0.941	0.877
2.669	0.941	0.877
2.685	0.941	0.877
2.685	0.941	0.877
2.396	0.941	0.877
2.770	0.941	0.877
2.685	0.941	0.877
2.679	0.941	0.877
2.685	0.941	0.877
2.961	0.941	0.877
2.685	0.941	0.877
2.718	0.941	0.877
2.330	0.941	0.877
2.685	0.941	0.877
2.685	0.941	0.877
7.702	0.941	0.877
2.685	0.941	0.877
2.709	0.941	0.877
2.685	0.941	0.877
2.770	0.941	0.877
2.691	0.941	0.877
2.770	0.941	0.877
2.330	0.941	0.877
2.342	0.941	0.877
2.813	0.941	0.877
2.685	0.941	0.877
2.720	0.941	0.877
2.685	0.941	0.877
2.374	0.941	0.877
2.337	0.941	0.877
2.679	0.929	0.877
2.685	0.929	0.877
2.724	0.929	0.877
2.771	0.929	0.877
2.720	0.929	0.877
2.357	0.929	0.877
2.330	0.929	0.877
2.710	0.929	0.877
2.330	0.929	0.877
2.325	0.929	0.877
3.153	0.929	0.877
2.357	0.929	0.877
2.330	0.929	0.877
2.373	0.929	0.877
2.330	0.941	0.862
2.374	0.941	0.877
2.337	0.941	0.877
2.330	0.941	0.877
2.357	0.941	0.877
2.357	0.941	0.877
2.375	0.941	0.877
2.426	0.929	0.877
2.377	0.941	0.877
2.350	0.929	0.877
2.373	0.929	0.877
2.337	0.941	0.877
2.388	0.941	0.877
2.349	0.929	0.877
2.426	0.941	0.877
2.406	0.941	0.877
2.428	0.929	0.846
2.426	0.941	0.862
2.357	0.941	0.877
2.357	0.941	0.862
2.330	0.941	0.877
2.350	0.941	0.877
2.337	0.941	0.877
2.357	0.941	0.877
2.386	0.941	0.862
2.344	0.941	0.877
2.330	0.941	0.877
2.350	0.941	0.877
2.396	0.941	0.862
2.381	0.941	0.877
2.349	0.941	0.877
2.330	0.941	0.877
2.384	0.941	0.877
2.346	0.941	0.877
2.400	0.941	0.877
2.374	0.941	0.877
2.349	0.941	0.877
2.357	0.941	0.877
2.491	0.941	0.877
2.330	0.941	0.877
2.363	0.941	0.877
2.363	0.941	0.877
2.517	0.941	0.877
2.337	0.941	0.862
2.330	0.941	0.862
2.374	0.941	0.862
2.337	0.941	0.862
2.330	0.941	0.877
2.371	0.941	0.877
2.330	0.941	0.877
2.462	0.941	0.862
2.373	0.941	0.877
2.330	0.941	0.877
2.374	0.941	0.877
2.357	0.941	0.877
2.354	0.941	0.877
2.535	0.941	0.862
2.357	0.941	0.862
2.337	0.941	0.877
2.355	0.941	0.877
2.374	0.941	0.877
2.259	0.941	0.877
2.402	0.941	0.877
2.409	0.941	0.877
2.330	0.941	0.877
2.330	0.941	0.877
2.326	0.941	0.877
2.330	0.941	0.877
2.350	0.941	0.877
2.424	0.941	0.877
2.330	0.941	0.877
2.357	0.941	0.877
2.343	0.941	0.877
2.519	0.941	0.877
2.337	0.941	0.877
2.344	0.941	0.877
2.330	0.941	0.877
2.330	0.941	0.877
2.337	0.941	0.877
2.330	0.941	0.877
2.330	0.941	0.877
2.357	0.941	0.877
2.414	0.941	0.877
2.260	0.941	0.877
2.433	0.941	0.877
2.440	0.941	0.877
2.378	0.941	0.877
2.463	0.941	0.877
2.350	0.941	0.877
2.374	0.941	0.877
2.474	0.941	0.877
2.226	0.929	0.877
2.225	0.929	0.877
2.392	0.941	0.877
2.263	0.941	0.877
2.350	0.941	0.877
2.417	0.941	0.877
2.401	0.941	0.877
2.329	0.929	0.877
2.232	0.929	0.877
2.366	0.929	0.877
2.339	0.941	0.877
2.378	0.929	0.877
2.437	0.941	0.877
2.359	0.941	0.877
2.330	0.929	0.877
2.284	0.929	0.877
2.227	0.929	0.862
2.470	0.929	0.862
2.225	0.929	0.862
2.337	0.929	0.862
2.221	0.929	0.862
2.225	0.929	0.862
2.260	0.929	0.862
2.310	0.929	0.862
2.332	0.929	0.877
2.227	0.929	0.862
2.260	0.929	0.862
2.463	0.929	0.877
2.260	0.929	0.862
2.337	0.929	0.862
2.225	0.929	0.862
2.374	0.929	0.862
2.309	0.929	0.862
2.224	0.929	0.862
2.230	0.929	0.862
2.230	0.929	0.862
2.225	0.929	0.862
2.225	0.941	0.877
2.264	0.929	0.862
2.230	0.929	0.862
2.260	0.929	0.862
2.225	0.929	0.862
2.301	0.929	0.862
2.247	0.929	0.862
2.258	0.929	0.862
2.260	0.929	0.862
2.230	0.929	0.862
2.260	0.929	0.862
2.285	0.929	0.862
2.260	0.929	0.862
2.260	0.929	0.862
2.221	0.929	0.862
2.225	0.929	0.862
2.226	0.929	0.862
2.227	0.929	0.862
2.225	0.929	0.862
2.260	0.929	0.862
2.367	0.929	0.862
2.227	0.929	0.862
2.260	0.941	0.877
2.260	0.941	0.877
2.260	0.929	0.877
2.260	0.941	0.877
2.221	0.941	0.877
2.245	0.941	0.877
2.286	0.941	0.877
2.225	0.929	0.862
2.225	0.929	0.862
2.264	0.929	0.862
2.225	0.929	0.862
2.225	0.929	0.862
2.225	0.929	0.862
2.260	0.929	0.862
2.305	0.929	0.862
2.260	0.929	0.862
2.225	0.929	0.877
2.294	0.929	0.877
2.225	0.929	0.877
2.225	0.929	0.877
2.227	0.929	0.877
2.225	0.929	0.877
2.264	0.929	0.877
2.260	0.929	0.877
2.272	0.941	0.877
2.221	0.941	0.877
2.225	0.941	0.877
2.569	0.929	0.877
2.225	0.941	0.877
2.260	0.929	0.877
2.160	0.929	0.877
2.182	0.929	0.877
2.225	0.941	0.877
2.260	0.929	0.877
2.266	0.929	0.877
2.225	0.929	0.877
2.348	0.929	0.877
2.279	0.941	0.877
2.315	0.941	0.877
2.227	0.941	0.877
2.427	0.941	0.877
2.260	0.929	0.877
2.272	0.929	0.877
2.317	0.929	0.877
2.229	0.929	0.877
2.301	0.929	0.877
2.266	0.929	0.877
2.305	0.929	0.877
2.243	0.929	0.877
2.276	0.929	0.877
2.368	0.929	0.877
2.225	0.941	0.877
2.260	0.941	0.877
2.285	0.941	0.877
2.266	0.941	0.877
2.301	0.929	0.877
2.227	0.929	0.877
2.225	0.929	0.877
2.225	0.929	0.877
2.317	0.941	0.877
2.260	0.929	0.877
2.225	0.941	0.877
2.227	0.941	0.877
2.460	0.941	0.877
2.232	0.941	0.877
2.227	0.941	0.877
2.229	0.941	0.877
2.331	0.941	0.877
2.168	0.941	0.877
2.290	0.941	0.877
2.266	0.941	0.877
2.260	0.941	0.877
2.243	0.941	0.877
2.264	0.941	0.877
2.178	0.941	0.877
2.213	0.941	0.877
2.131	0.941	0.877
2.264	0.941	0.877
2.269	0.941	0.877
2.227	0.941	0.877
2.269	0.941	0.877
2.225	0.929	0.877
2.170	0.941	0.877
2.331	0.941	0.877
2.175	0.941	0.877
2.229	0.929	0.877
2.258	0.929	0.877
2.252	0.941	0.877
2.168	0.941	0.877
2.238	0.941	0.877
2.229	0.929	0.877
2.258	0.929	0.877
2.225	0.929	0.877
2.225	0.929	0.877
2.238	0.929	0.877
2.290	0.929	0.877
2.266	0.929	0.877
2.266	0.929	0.877
2.229	0.929	0.877
2.264	0.929	0.877
2.224	0.929	0.877
2.178	0.929	0.877
2.225	0.929	0.877
2.225	0.941	0.877
2.224	0.941	0.877
2.266	0.941	0.877
2.236	0.941	0.877
2.441	0.929	0.877
2.164	0.929	0.877
2.276	0.929	0.877
2.258	0.929	0.877
2.225	0.929	0.877
2.257	0.929	0.877
2.380	0.929	0.877
2.249	0.929	0.877
2.234	0.929	0.877
2.232	0.929	0.877
2.225	0.929	0.877
2.164	0.929	0.877
2.266	0.929	0.877
2.266	0.929	0.877
2.227	0.929	0.877
2.211	0.929	0.877
2.333	0.929	0.877
2.266	0.929	0.877
2.245	0.929	0.877
2.175	0.929	0.877
2.225	0.929	0.877
2.246	0.929	0.877
2.228	0.929	0.877
2.239	0.929	0.877
2.229	0.929	0.877
2.162	0.929	0.877
2.231	0.929	0.877
2.225	0.929	0.877
2.238	0.929	0.877
2.264	0.929	0.877
2.250	0.929	0.877
2.242	0.929	0.877
2.264	0.929	0.877
2.230	0.929	0.877
2.225	0.929	0.877
2.246	0.929	0.877
2.181	0.929	0.877
2.163	0.929	0.877
2.216	0.929	0.877
2.224	0.929	0.877
2.170	0.929	0.877
2.225	0.929	0.877
2.184	0.929	0.877
2.182	0.929	0.877
2.225	0.929	0.877
2.176	0.929	0.877
2.263	0.929	0.877
2.165	0.929	0.877
2.170	0.929	0.877
2.174	0.929	0.877
2.170	0.929	0.877
2.233	0.929	0.877
2.228	0.929	0.877
2.296	0.941	0.877
2.303	0.941	0.877
2.357	0.929	0.877
2.262	0.941	0.877
2.258	0.929	0.877
2.184	0.929	0.877
2.179	0.929	0.877
2.170	0.929	0.877

Results for BackProp (Training):
Correctly Classified Instances: 78.82%
Incorrectly Classified Instances: 21.18%

Results for BackProp (Test):
Correctly Classified Instances: 73.85%
Incorrectly Classified Instances: 26.15%

Results for RHC (Training):
Correctly Classified Instances: 96.47%
Incorrectly Classified Instances: 3.53%

Results for RHC (Test):
Correctly Classified Instances: 87.69%
Incorrectly Classified Instances: 12.31%

Results for SA (Training):
Correctly Classified Instances: 78.82%
Incorrectly Classified Instances: 21.18%

Results for SA (Test):
Correctly Classified Instances: 73.85%
Incorrectly Classified Instances: 26.15%

Results for GA (Training):
Correctly Classified Instances: 92.94%
Incorrectly Classified Instances: 7.06%

Results for GA (Test):
Correctly Classified Instances: 87.69%
Incorrectly Classified Instances: 12.31%
