
Varying the number of nodes in the hidden layer...
---------------------------
1	0.788	0.750
2	0.988	0.938
3	0.788	0.750
4	1.000	0.922
5	0.788	0.750
6	1.000	0.938
7	0.788	0.750
8	1.000	0.906
9	1.000	0.922
10	0.988	0.938
11	1.000	0.906
12	0.788	0.750
13	1.000	0.938
14	1.000	0.938
15	1.000	0.922
16	1.000	0.922
17	1.000	0.906
18	1.000	0.891
19	1.000	0.938
20	1.000	0.922

Error results for RHC
---------------------------
21.483	0.212	0.262
21.483	0.212	0.262
21.483	0.212	0.262
21.494	0.212	0.262
21.380	0.212	0.262
21.380	0.212	0.262
21.380	0.212	0.262
21.380	0.212	0.262
21.564	0.212	0.262
21.380	0.212	0.262
19.510	0.212	0.262
19.510	0.212	0.262
19.612	0.212	0.262
19.510	0.212	0.262
19.510	0.212	0.262
19.569	0.212	0.262
21.245	0.212	0.262
19.510	0.212	0.262
19.510	0.212	0.262
19.510	0.212	0.262
19.510	0.212	0.262
19.510	0.212	0.262
19.510	0.212	0.262
19.510	0.212	0.262
19.511	0.212	0.262
19.510	0.212	0.262
19.510	0.212	0.262
19.510	0.212	0.262
19.510	0.212	0.262
19.510	0.212	0.262
19.510	0.212	0.262
19.510	0.212	0.262
22.168	0.212	0.262
19.510	0.212	0.262
19.510	0.212	0.262
19.510	0.212	0.262
19.510	0.212	0.262
19.510	0.212	0.262
22.905	0.212	0.262
19.510	0.212	0.262
19.306	0.212	0.262
19.306	0.212	0.262
19.306	0.212	0.262
19.306	0.212	0.262
19.617	0.212	0.262
19.306	0.212	0.262
21.466	0.212	0.262
19.306	0.212	0.262
19.306	0.212	0.262
19.607	0.212	0.262
19.306	0.212	0.262
19.306	0.212	0.262
19.306	0.212	0.262
19.306	0.212	0.262
19.306	0.212	0.262
19.306	0.212	0.262
19.306	0.212	0.262
11.209	0.212	0.262
11.209	0.212	0.262
11.209	0.212	0.262
11.209	0.212	0.262
11.209	0.212	0.262
11.209	0.212	0.262
11.209	0.212	0.262
11.209	0.212	0.262
11.209	0.212	0.262
11.209	0.212	0.262
11.208	0.212	0.262
11.208	0.212	0.262
11.208	0.212	0.262
11.208	0.212	0.262
19.306	0.212	0.262
11.208	0.212	0.262
11.208	0.212	0.262
11.208	0.212	0.262
11.208	0.212	0.262
7.488	0.788	0.738
7.486	0.788	0.738
7.086	0.788	0.738
7.154	0.788	0.738
7.086	0.788	0.738
7.086	0.788	0.738
7.086	0.788	0.738
7.086	0.788	0.738
7.086	0.788	0.738
7.499	0.788	0.738
7.086	0.788	0.738
7.086	0.788	0.738
7.086	0.788	0.738
7.126	0.788	0.738
7.086	0.788	0.738
7.109	0.788	0.738
7.085	0.788	0.738
7.098	0.788	0.738
7.085	0.788	0.738
7.085	0.788	0.738
7.095	0.788	0.738
7.085	0.788	0.738
7.085	0.788	0.738
7.085	0.788	0.738
7.085	0.788	0.738
7.120	0.788	0.738
7.085	0.788	0.738
7.085	0.788	0.738
7.085	0.788	0.738
7.085	0.788	0.738
7.085	0.788	0.738
7.086	0.788	0.738
7.085	0.788	0.738
7.085	0.788	0.738
7.085	0.788	0.738
7.085	0.788	0.738
7.085	0.788	0.738
7.086	0.788	0.738
7.085	0.788	0.738
7.085	0.788	0.738
7.201	0.788	0.738
7.085	0.788	0.738
7.085	0.788	0.738
7.085	0.788	0.738
7.085	0.788	0.738
7.085	0.788	0.738
7.085	0.788	0.738
7.085	0.788	0.738
7.085	0.788	0.738
7.085	0.788	0.738
7.085	0.788	0.738
7.085	0.788	0.738
7.085	0.788	0.738
7.085	0.788	0.738
7.085	0.788	0.738
7.085	0.788	0.738
7.109	0.788	0.738
7.085	0.788	0.738
7.085	0.788	0.738
7.085	0.788	0.738
7.085	0.788	0.738
7.135	0.788	0.738
7.267	0.788	0.738
7.085	0.788	0.738
7.109	0.788	0.738
7.085	0.788	0.738
7.085	0.788	0.738
7.085	0.788	0.738
7.085	0.788	0.738
7.085	0.788	0.738
7.085	0.788	0.738
7.085	0.788	0.738
7.082	0.788	0.738
7.082	0.788	0.738
7.082	0.788	0.738
7.082	0.788	0.738
7.082	0.788	0.738
7.082	0.788	0.738
7.082	0.788	0.738
7.082	0.788	0.738
7.082	0.788	0.738
7.124	0.788	0.738
7.082	0.788	0.738
7.082	0.788	0.738
7.082	0.788	0.738
7.082	0.788	0.738
7.082	0.788	0.738
7.072	0.788	0.738
7.072	0.788	0.738
7.072	0.788	0.738
7.072	0.788	0.738
7.072	0.788	0.738
7.072	0.788	0.738
7.072	0.788	0.738
7.072	0.788	0.738
7.072	0.788	0.738
7.072	0.788	0.738
7.072	0.788	0.738
7.132	0.788	0.738
7.072	0.788	0.738
7.072	0.788	0.738
7.072	0.788	0.738
7.072	0.788	0.738
7.177	0.788	0.738
7.072	0.788	0.738
7.072	0.788	0.738
7.072	0.788	0.738
7.072	0.788	0.738
7.072	0.788	0.738
7.072	0.788	0.738
7.072	0.788	0.738
7.072	0.788	0.738
7.089	0.788	0.738
7.072	0.788	0.738
7.072	0.788	0.738
7.072	0.788	0.738
7.072	0.788	0.738
7.072	0.788	0.738
7.193	0.788	0.738
7.072	0.788	0.738
7.072	0.788	0.738
7.072	0.788	0.738
7.072	0.788	0.738
7.072	0.788	0.738
7.072	0.788	0.738
7.072	0.788	0.738
7.011	0.788	0.738
7.011	0.788	0.738
7.011	0.788	0.738
7.011	0.788	0.738
7.011	0.788	0.738
8.885	0.788	0.738
7.011	0.788	0.738
7.012	0.788	0.738
7.011	0.788	0.738
7.011	0.788	0.738
7.011	0.788	0.738
7.011	0.788	0.738
7.042	0.788	0.738
5.275	0.788	0.738
5.275	0.788	0.738
5.275	0.788	0.738
5.275	0.788	0.738
5.275	0.788	0.738
5.275	0.788	0.738
5.275	0.788	0.738
5.275	0.788	0.738
5.275	0.788	0.738
5.275	0.788	0.738
5.275	0.788	0.738
5.275	0.788	0.738
5.275	0.788	0.738
5.275	0.788	0.738
5.275	0.788	0.738
5.275	0.788	0.738
5.275	0.788	0.738
5.275	0.788	0.738
5.275	0.788	0.738
5.275	0.788	0.738
5.275	0.788	0.738
5.215	0.788	0.738
5.215	0.788	0.738
5.215	0.788	0.738
5.215	0.788	0.738
5.215	0.788	0.738
5.215	0.788	0.738
8.885	0.788	0.738
5.215	0.788	0.738
5.214	0.788	0.738
5.214	0.788	0.738
5.214	0.788	0.738
5.214	0.788	0.738
5.214	0.788	0.738
5.214	0.788	0.738
5.214	0.788	0.738
5.214	0.788	0.738
5.214	0.788	0.738
8.124	0.788	0.738
5.214	0.788	0.738
5.214	0.788	0.738
5.214	0.788	0.738
4.801	0.788	0.738
4.801	0.788	0.738
4.801	0.788	0.738
4.801	0.788	0.738
4.801	0.788	0.738
4.865	0.788	0.738
4.801	0.788	0.738
6.646	0.788	0.738
4.873	0.788	0.738
4.801	0.788	0.738
4.801	0.788	0.738
4.871	0.788	0.738
4.801	0.788	0.738
4.801	0.788	0.738
4.801	0.788	0.738
4.801	0.788	0.738
4.801	0.788	0.738
4.801	0.788	0.738
4.993	0.788	0.738
4.801	0.788	0.738
4.801	0.788	0.738
4.801	0.788	0.738
4.801	0.788	0.738
4.801	0.788	0.738
4.801	0.788	0.738
4.801	0.788	0.738
4.801	0.788	0.738
4.801	0.788	0.738
4.801	0.788	0.738
4.801	0.788	0.738
4.801	0.788	0.738
4.801	0.788	0.738
4.990	0.788	0.738
4.801	0.788	0.738
4.801	0.788	0.738
4.801	0.788	0.738
4.801	0.788	0.738
4.801	0.788	0.738
4.801	0.788	0.738
4.801	0.788	0.738
4.801	0.788	0.738
4.875	0.788	0.738
4.801	0.788	0.738
4.801	0.788	0.738
4.801	0.788	0.738
4.801	0.788	0.738
4.801	0.788	0.738
4.801	0.788	0.738
4.801	0.788	0.738
4.801	0.788	0.738
4.801	0.788	0.738
4.801	0.788	0.738
5.210	0.788	0.738
4.366	0.788	0.738
4.366	0.788	0.738
4.366	0.788	0.738
4.366	0.788	0.738
4.366	0.788	0.738
4.366	0.788	0.738
4.790	0.788	0.738
4.564	0.788	0.738
4.870	0.788	0.738
4.367	0.788	0.738
4.366	0.788	0.738
4.377	0.788	0.738
4.801	0.788	0.738
4.366	0.788	0.738
4.232	0.788	0.738
4.232	0.788	0.738
4.228	0.788	0.738
4.228	0.788	0.738
4.228	0.788	0.738
4.228	0.788	0.738
4.228	0.788	0.738
4.228	0.788	0.738
4.228	0.788	0.738
4.228	0.788	0.738
4.228	0.788	0.738
4.228	0.788	0.738
4.228	0.788	0.738
4.228	0.788	0.738
4.228	0.788	0.738
4.228	0.788	0.738
4.228	0.788	0.738
4.228	0.788	0.738
4.028	0.906	0.846
4.028	0.906	0.846
4.028	0.906	0.846
4.025	0.894	0.846
4.025	0.894	0.846
4.025	0.894	0.846
4.072	0.894	0.846
4.025	0.894	0.846
4.025	0.894	0.846
4.025	0.894	0.846
4.025	0.894	0.846
4.965	0.894	0.846
4.025	0.894	0.846
4.025	0.894	0.846
6.443	0.894	0.846
4.025	0.894	0.846
3.819	0.894	0.846
3.819	0.894	0.846
3.839	0.894	0.846
5.186	0.894	0.846
3.819	0.894	0.846
3.819	0.894	0.846
3.819	0.894	0.846
3.819	0.894	0.846
3.819	0.894	0.846
3.819	0.894	0.846
3.819	0.894	0.846
3.819	0.894	0.846
3.819	0.894	0.846
3.948	0.894	0.846
3.819	0.894	0.846
3.819	0.894	0.846
3.819	0.894	0.846
3.819	0.894	0.846
3.819	0.894	0.846
4.072	0.894	0.846
3.819	0.894	0.846
3.819	0.894	0.846
3.819	0.894	0.846
3.819	0.894	0.846
3.819	0.894	0.846
3.819	0.894	0.846
3.819	0.894	0.846
3.819	0.894	0.846
3.819	0.894	0.846
3.819	0.894	0.846
3.819	0.894	0.846
3.819	0.894	0.846
3.481	0.906	0.862
3.481	0.906	0.862
3.481	0.906	0.862
3.481	0.906	0.862
6.173	0.906	0.862
3.488	0.906	0.862
3.481	0.906	0.862
3.481	0.906	0.862
3.481	0.906	0.862
3.492	0.906	0.862
3.481	0.906	0.862
3.481	0.906	0.862
5.150	0.906	0.862
3.481	0.906	0.862
3.481	0.906	0.862
3.481	0.906	0.862
3.494	0.906	0.862
3.481	0.906	0.862
3.481	0.906	0.862
4.540	0.906	0.862
3.481	0.906	0.862
3.481	0.906	0.862
3.481	0.906	0.862
3.579	0.906	0.862
3.481	0.906	0.862
3.481	0.906	0.862
3.526	0.906	0.862
3.414	0.906	0.877
3.414	0.906	0.877
3.754	0.906	0.877
3.414	0.906	0.877
3.414	0.906	0.877
3.411	0.906	0.877
4.019	0.906	0.877
3.411	0.906	0.877
3.411	0.906	0.877
3.411	0.906	0.877
3.411	0.906	0.877
3.920	0.906	0.877
3.411	0.906	0.877
3.411	0.906	0.877
3.411	0.906	0.877
3.411	0.906	0.877
3.411	0.906	0.877
3.159	0.929	0.877
3.159	0.929	0.877
3.261	0.929	0.877
3.463	0.929	0.877
3.159	0.929	0.877
3.159	0.929	0.877
3.159	0.929	0.877
3.183	0.929	0.877
3.159	0.929	0.877
3.197	0.929	0.877
3.159	0.929	0.877
3.153	0.929	0.877
4.516	0.929	0.877
3.153	0.929	0.877
3.153	0.929	0.877
3.153	0.929	0.877
3.153	0.929	0.877
3.153	0.929	0.877
3.153	0.929	0.877
4.514	0.929	0.877
3.153	0.929	0.877
3.153	0.929	0.877
3.153	0.929	0.877
3.153	0.929	0.877
3.153	0.929	0.877
7.129	0.929	0.877
3.153	0.929	0.877
3.153	0.929	0.877
3.153	0.929	0.877
3.153	0.929	0.877
3.153	0.929	0.877
3.153	0.929	0.877
3.147	0.929	0.877
3.147	0.929	0.877
3.147	0.929	0.877
3.147	0.929	0.877
3.147	0.929	0.877
3.147	0.929	0.877
3.406	0.929	0.877
3.168	0.929	0.877
3.185	0.929	0.877
3.165	0.929	0.877
3.147	0.929	0.877
3.147	0.929	0.877
3.147	0.929	0.877
3.147	0.929	0.877
3.147	0.929	0.877
3.147	0.929	0.877
3.150	0.929	0.877
3.147	0.929	0.877
3.147	0.929	0.877
3.147	0.929	0.877
3.147	0.929	0.877
3.147	0.929	0.877
3.147	0.929	0.877
3.212	0.929	0.877
3.147	0.929	0.877
3.163	0.929	0.877
3.147	0.929	0.877
3.147	0.929	0.877
3.147	0.929	0.877
3.147	0.929	0.877
3.147	0.929	0.877
3.147	0.929	0.877
3.147	0.929	0.877
3.179	0.929	0.877
3.147	0.929	0.877
4.209	0.929	0.877
3.147	0.929	0.877
3.147	0.929	0.877
3.186	0.929	0.877
3.157	0.929	0.877
3.146	0.929	0.877
3.146	0.929	0.877
3.146	0.929	0.877
3.429	0.929	0.877
3.300	0.929	0.877
3.204	0.929	0.877
3.146	0.929	0.877
3.146	0.929	0.877
3.146	0.929	0.877
3.146	0.929	0.877
3.146	0.929	0.877
3.146	0.929	0.877
3.146	0.929	0.877
3.146	0.929	0.877
3.146	0.929	0.877
3.146	0.929	0.877
3.146	0.929	0.877
4.224	0.929	0.877
3.146	0.929	0.877
4.588	0.929	0.877
3.914	0.929	0.877
3.146	0.929	0.877
3.147	0.929	0.877
5.555	0.929	0.877
3.146	0.929	0.877
3.172	0.929	0.877
3.146	0.929	0.877
3.146	0.929	0.877
3.146	0.929	0.877
3.245	0.929	0.877
3.146	0.929	0.877
3.146	0.929	0.877
3.146	0.929	0.877
3.146	0.929	0.877
3.146	0.929	0.877
3.146	0.929	0.877
3.146	0.929	0.877
3.356	0.929	0.877
3.146	0.929	0.877
2.987	0.918	0.862
2.987	0.918	0.862
2.987	0.918	0.862
3.665	0.918	0.862
2.987	0.918	0.862
2.987	0.918	0.862
2.987	0.918	0.862
2.987	0.918	0.862
2.987	0.918	0.862
2.992	0.918	0.862
2.987	0.918	0.862
2.991	0.918	0.862
3.608	0.918	0.862
2.974	0.918	0.877
2.974	0.918	0.877
2.974	0.918	0.877
2.974	0.918	0.877
2.974	0.918	0.877
3.156	0.918	0.877
4.325	0.918	0.877
2.974	0.918	0.877
2.974	0.918	0.877
2.974	0.918	0.877
2.974	0.918	0.877
2.974	0.918	0.877
2.974	0.918	0.877
2.974	0.918	0.877
2.974	0.918	0.877
2.974	0.918	0.877
2.974	0.918	0.877
2.974	0.918	0.877
2.974	0.918	0.877
2.980	0.918	0.877
2.974	0.918	0.877
2.974	0.918	0.877
2.974	0.918	0.877
2.974	0.918	0.877
3.102	0.918	0.877
2.974	0.918	0.877
2.974	0.918	0.877
2.974	0.918	0.877
2.974	0.918	0.877
2.974	0.918	0.877
2.974	0.918	0.877
2.974	0.918	0.877
2.974	0.918	0.877
2.974	0.918	0.877
2.974	0.918	0.877
2.974	0.918	0.877
3.122	0.918	0.877
2.974	0.918	0.877
2.943	0.929	0.877
2.943	0.929	0.877
2.943	0.929	0.877
2.943	0.929	0.877
3.014	0.929	0.877
2.958	0.929	0.877
2.943	0.929	0.877
2.943	0.929	0.877
3.519	0.929	0.877
2.943	0.929	0.877
2.943	0.929	0.877
2.943	0.929	0.877
2.751	0.929	0.892
2.751	0.929	0.892
2.830	0.929	0.892
2.751	0.929	0.892
2.751	0.929	0.892
2.751	0.929	0.892
2.751	0.929	0.892
2.831	0.929	0.892
2.751	0.929	0.892
3.254	0.929	0.892
2.751	0.929	0.892
2.751	0.929	0.892
2.751	0.929	0.892
2.751	0.929	0.892
2.751	0.929	0.892
2.751	0.929	0.892
3.244	0.929	0.892
2.751	0.929	0.892
2.751	0.929	0.892
2.751	0.929	0.892
2.751	0.929	0.892
2.751	0.929	0.892
2.751	0.929	0.892
2.751	0.929	0.892
2.751	0.929	0.892
2.751	0.929	0.892
2.801	0.929	0.892
2.751	0.929	0.892
2.751	0.929	0.892
2.751	0.929	0.892
2.751	0.929	0.892
2.751	0.929	0.892
2.751	0.929	0.892
2.751	0.929	0.892
8.058	0.929	0.892
2.751	0.929	0.892
2.751	0.929	0.892
2.751	0.929	0.892
2.751	0.929	0.892
2.751	0.929	0.892
2.751	0.929	0.892
2.751	0.929	0.892
2.751	0.929	0.892
2.751	0.929	0.892
2.850	0.929	0.892
2.751	0.929	0.892
2.751	0.929	0.892
2.751	0.929	0.892
2.751	0.929	0.892
2.751	0.929	0.892
2.751	0.929	0.892
2.751	0.929	0.892
3.172	0.929	0.892
2.868	0.929	0.892
2.751	0.929	0.892
2.751	0.929	0.892
2.751	0.929	0.892
2.751	0.929	0.892
2.751	0.929	0.892
2.751	0.929	0.892
2.751	0.929	0.892
2.751	0.929	0.892
2.751	0.929	0.892
3.027	0.929	0.892
2.751	0.929	0.892
2.827	0.929	0.892
2.751	0.929	0.892
2.751	0.929	0.892
2.751	0.929	0.892
2.827	0.929	0.892
2.751	0.929	0.892
2.751	0.929	0.892
2.751	0.929	0.892
2.751	0.929	0.892
2.751	0.929	0.892
2.751	0.929	0.892
2.935	0.929	0.892
2.751	0.929	0.892
2.811	0.929	0.892
5.996	0.929	0.892
2.750	0.929	0.892
2.750	0.929	0.892
2.976	0.929	0.892
2.750	0.929	0.892
2.750	0.929	0.892
2.750	0.929	0.892
2.750	0.929	0.892
2.750	0.929	0.892
2.750	0.929	0.892
2.750	0.929	0.892
2.769	0.929	0.892
2.750	0.929	0.892
2.750	0.929	0.892
2.750	0.929	0.892
2.846	0.929	0.892
2.750	0.929	0.892
3.440	0.929	0.892
2.750	0.929	0.892
4.141	0.929	0.892
2.750	0.929	0.892
2.750	0.929	0.892
2.750	0.929	0.892
2.750	0.929	0.892
2.750	0.929	0.892
4.142	0.929	0.892
2.750	0.929	0.892
2.745	0.929	0.892
4.145	0.929	0.892
2.745	0.929	0.892
2.745	0.929	0.892
2.745	0.929	0.892
2.779	0.929	0.892
2.745	0.929	0.892
2.745	0.929	0.892
2.745	0.929	0.892
2.745	0.929	0.892
2.750	0.929	0.892
2.745	0.929	0.892
2.745	0.929	0.892
2.745	0.929	0.892
2.745	0.929	0.892
2.745	0.929	0.892
2.745	0.929	0.892
2.745	0.929	0.892
2.745	0.929	0.892
2.745	0.929	0.892
2.745	0.929	0.892
2.827	0.929	0.892
2.745	0.929	0.892
3.055	0.929	0.892
2.745	0.929	0.892
2.745	0.929	0.892
2.745	0.929	0.892
2.817	0.929	0.892
2.745	0.929	0.892
2.819	0.929	0.892
2.753	0.929	0.892
2.745	0.929	0.892
2.737	0.929	0.892
2.737	0.929	0.892
2.743	0.929	0.892
2.737	0.929	0.892
3.409	0.929	0.892
2.395	0.929	0.892
2.395	0.929	0.892
2.417	0.929	0.892
2.395	0.929	0.892
2.756	0.929	0.892
2.395	0.929	0.892
2.380	0.929	0.892
2.380	0.929	0.892
2.380	0.929	0.892
2.380	0.929	0.892
2.377	0.929	0.892
2.377	0.929	0.892
2.377	0.929	0.892
2.377	0.929	0.892
2.377	0.929	0.892
2.374	0.929	0.892
2.374	0.929	0.892
2.374	0.929	0.892
2.374	0.929	0.892
2.374	0.929	0.892
2.383	0.929	0.892
2.374	0.929	0.892
2.374	0.929	0.892
2.382	0.929	0.892
2.374	0.929	0.892
2.403	0.929	0.892
2.374	0.929	0.892
2.374	0.929	0.892
2.374	0.929	0.892
2.374	0.929	0.892
2.374	0.929	0.892
2.373	0.929	0.892
2.373	0.929	0.892
2.373	0.929	0.892
2.373	0.929	0.892
2.373	0.929	0.892
2.373	0.929	0.892
2.373	0.929	0.892
2.373	0.929	0.892
2.623	0.929	0.892
2.373	0.929	0.892
2.373	0.929	0.892
2.373	0.929	0.892
2.688	0.929	0.892
2.432	0.929	0.892
2.373	0.929	0.892
2.400	0.929	0.892
2.373	0.929	0.892
2.373	0.929	0.892
2.373	0.929	0.892
2.373	0.929	0.892
2.373	0.929	0.892
2.491	0.929	0.892
2.373	0.929	0.892
2.373	0.929	0.892
2.373	0.929	0.892
2.373	0.929	0.892
2.373	0.929	0.892
2.373	0.929	0.892
2.373	0.929	0.892
2.373	0.929	0.892
2.373	0.929	0.892
2.373	0.929	0.892
2.373	0.929	0.892
2.373	0.929	0.892
2.373	0.929	0.892
2.373	0.929	0.892
2.373	0.929	0.892
2.373	0.929	0.892
2.373	0.929	0.892
2.373	0.929	0.892
2.373	0.929	0.892
2.410	0.929	0.892
2.373	0.929	0.892
2.373	0.929	0.892
2.373	0.929	0.892
2.352	0.929	0.877
2.352	0.929	0.877
2.352	0.929	0.877
2.352	0.929	0.877
2.353	0.929	0.877
3.030	0.929	0.877
2.445	0.929	0.877
2.351	0.929	0.892
2.351	0.929	0.892
2.351	0.929	0.892
10.143	0.929	0.892
2.351	0.929	0.892
2.351	0.929	0.892
2.351	0.929	0.892
2.351	0.929	0.892
2.351	0.929	0.892
2.415	0.929	0.892
2.351	0.929	0.892
2.351	0.929	0.892
2.351	0.929	0.892
2.351	0.929	0.892
2.351	0.929	0.892
2.351	0.929	0.892
2.351	0.929	0.892
2.351	0.929	0.892
2.482	0.929	0.892
2.513	0.929	0.892
2.351	0.929	0.892
2.351	0.929	0.892
2.351	0.929	0.892
2.351	0.929	0.892
2.351	0.929	0.892
2.396	0.929	0.892
2.351	0.929	0.892
2.351	0.929	0.892
2.351	0.929	0.892
2.351	0.929	0.892
2.378	0.929	0.892
2.396	0.929	0.892
2.351	0.929	0.892
2.351	0.929	0.892
2.332	0.929	0.892
2.332	0.929	0.892
5.790	0.929	0.892
2.332	0.929	0.892
2.332	0.929	0.892
2.332	0.929	0.892
2.340	0.929	0.892
2.332	0.929	0.892
2.332	0.929	0.892
2.332	0.929	0.892
2.332	0.929	0.892
2.332	0.929	0.892
2.421	0.929	0.892
2.332	0.929	0.892
2.332	0.929	0.892
2.332	0.929	0.892
2.426	0.929	0.892
2.389	0.929	0.892
2.332	0.929	0.892
2.332	0.929	0.892
2.332	0.929	0.892
2.331	0.929	0.892
2.437	0.929	0.892
2.331	0.929	0.892
2.331	0.929	0.892
2.362	0.929	0.892
2.331	0.929	0.892
2.334	0.929	0.892
2.331	0.929	0.892
2.331	0.929	0.892
2.350	0.929	0.892
2.331	0.929	0.892
2.331	0.929	0.892
3.196	0.929	0.892
2.331	0.929	0.892
2.331	0.929	0.892
2.327	0.929	0.892
2.327	0.929	0.892
2.429	0.929	0.892
2.327	0.929	0.892
2.318	0.918	0.877
2.318	0.918	0.877
2.310	0.929	0.892
2.310	0.929	0.892
2.800	0.929	0.892
2.310	0.929	0.892
2.310	0.929	0.892
2.310	0.929	0.892
2.310	0.929	0.892
2.310	0.929	0.892
2.310	0.929	0.892
2.310	0.929	0.892
2.265	0.929	0.892
2.265	0.929	0.892
2.265	0.929	0.892
2.265	0.929	0.892
2.265	0.929	0.892
2.265	0.929	0.892
2.348	0.929	0.892
2.265	0.929	0.892
2.276	0.929	0.892
2.265	0.929	0.892
2.265	0.929	0.892
2.265	0.929	0.892
2.256	0.929	0.892
2.256	0.929	0.892
2.256	0.929	0.892
2.262	0.929	0.892
2.321	0.929	0.892
2.256	0.929	0.892
2.256	0.929	0.892
2.255	0.929	0.892
2.261	0.929	0.892
2.255	0.929	0.892
2.255	0.929	0.892
2.255	0.929	0.892
2.255	0.929	0.892
2.255	0.929	0.892
2.403	0.929	0.892
2.256	0.929	0.892
2.255	0.929	0.892
2.255	0.929	0.892
2.288	0.929	0.892
2.255	0.929	0.892
2.255	0.929	0.892
2.255	0.929	0.892
2.255	0.929	0.892
2.254	0.929	0.892
2.254	0.929	0.892
2.254	0.929	0.892
2.254	0.929	0.892
2.254	0.929	0.892
2.259	0.929	0.892
2.254	0.929	0.892
2.254	0.929	0.892
2.254	0.929	0.892
3.766	0.929	0.892
2.254	0.929	0.892
2.254	0.929	0.892
2.254	0.929	0.892
2.254	0.929	0.892
2.254	0.929	0.892
2.254	0.929	0.892
2.254	0.929	0.892
2.278	0.929	0.892
2.262	0.929	0.892
2.337	0.929	0.892
2.254	0.929	0.892
2.254	0.929	0.892
2.254	0.929	0.892
2.254	0.929	0.892
2.254	0.929	0.892
2.254	0.929	0.892
2.254	0.929	0.892
2.254	0.929	0.892
2.254	0.929	0.892
2.254	0.929	0.892
2.261	0.929	0.892
2.254	0.929	0.892
2.254	0.929	0.892
2.254	0.929	0.892
2.326	0.929	0.892
2.254	0.929	0.892
2.254	0.929	0.892
2.254	0.929	0.892
2.254	0.929	0.892
2.254	0.929	0.892
2.275	0.929	0.892
2.254	0.929	0.892
2.254	0.929	0.892
2.354	0.929	0.892
2.254	0.929	0.892

Error results for SA
---------------------------
7.406	0.788	0.738
7.406	0.788	0.738
7.406	0.788	0.738
7.406	0.788	0.738
8.528	0.788	0.738
8.528	0.788	0.738
8.528	0.788	0.738
8.528	0.788	0.738
8.528	0.788	0.738
8.528	0.788	0.738
8.528	0.788	0.738
8.528	0.788	0.738
8.528	0.788	0.738
10.846	0.212	0.262
10.846	0.212	0.262
10.846	0.212	0.262
10.846	0.212	0.262
10.846	0.212	0.262
10.846	0.212	0.262
10.846	0.212	0.262
10.846	0.212	0.262
10.846	0.212	0.262
10.846	0.212	0.262
10.846	0.212	0.262
10.846	0.212	0.262
10.846	0.212	0.262
8.400	0.788	0.738
8.400	0.788	0.738
8.400	0.788	0.738
8.400	0.788	0.738
8.400	0.788	0.738
8.400	0.788	0.738
8.400	0.788	0.738
7.094	0.788	0.738
7.094	0.788	0.738
7.094	0.788	0.738
7.094	0.788	0.738
7.094	0.788	0.738
7.094	0.788	0.738
7.094	0.788	0.738
7.094	0.788	0.738
7.093	0.788	0.738
7.093	0.788	0.738
7.093	0.788	0.738
7.093	0.788	0.738
7.093	0.788	0.738
7.093	0.788	0.738
7.093	0.788	0.738
7.093	0.788	0.738
7.112	0.788	0.738
7.203	0.788	0.738
7.203	0.788	0.738
7.171	0.788	0.738
7.171	0.788	0.738
7.503	0.788	0.738
7.503	0.788	0.738
7.503	0.788	0.738
7.503	0.788	0.738
7.435	0.788	0.738
7.435	0.788	0.738
7.435	0.788	0.738
7.435	0.788	0.738
7.459	0.788	0.738
7.456	0.788	0.738
7.456	0.788	0.738
7.456	0.788	0.738
7.456	0.788	0.738
7.456	0.788	0.738
7.456	0.788	0.738
7.504	0.788	0.738
7.504	0.788	0.738
7.504	0.788	0.738
7.734	0.788	0.738
7.734	0.788	0.738
7.734	0.788	0.738
7.734	0.788	0.738
7.734	0.788	0.738
7.734	0.788	0.738
7.958	0.788	0.738
7.958	0.788	0.738
7.958	0.788	0.738
7.577	0.788	0.738
7.577	0.788	0.738
7.454	0.788	0.738
7.454	0.788	0.738
7.503	0.788	0.738
7.503	0.788	0.738
7.503	0.788	0.738
7.503	0.788	0.738
7.326	0.788	0.738
7.326	0.788	0.738
7.137	0.788	0.738
7.137	0.788	0.738
7.137	0.788	0.738
7.137	0.788	0.738
7.137	0.788	0.738
7.137	0.788	0.738
7.137	0.788	0.738
7.137	0.788	0.738
7.222	0.788	0.738
7.222	0.788	0.738
7.222	0.788	0.738
7.222	0.788	0.738
7.222	0.788	0.738
7.222	0.788	0.738
7.259	0.788	0.738
7.258	0.788	0.738
7.258	0.788	0.738
7.258	0.788	0.738
7.258	0.788	0.738
7.258	0.788	0.738
7.258	0.788	0.738
7.258	0.788	0.738
7.322	0.788	0.738
7.322	0.788	0.738
7.322	0.788	0.738
7.322	0.788	0.738
7.319	0.788	0.738
7.724	0.788	0.738
7.390	0.788	0.738
7.390	0.788	0.738
7.390	0.788	0.738
7.390	0.788	0.738
7.390	0.788	0.738
7.390	0.788	0.738
7.390	0.788	0.738
7.390	0.788	0.738
7.390	0.788	0.738
7.390	0.788	0.738
7.390	0.788	0.738
7.390	0.788	0.738
7.390	0.788	0.738
7.390	0.788	0.738
7.395	0.788	0.738
7.395	0.788	0.738
7.395	0.788	0.738
7.395	0.788	0.738
7.391	0.788	0.738
7.391	0.788	0.738
7.391	0.788	0.738
7.391	0.788	0.738
7.391	0.788	0.738
7.391	0.788	0.738
7.391	0.788	0.738
7.395	0.788	0.738
7.216	0.788	0.738
7.378	0.788	0.738
7.378	0.788	0.738
7.378	0.788	0.738
7.378	0.788	0.738
7.378	0.788	0.738
7.378	0.788	0.738
7.378	0.788	0.738
7.378	0.788	0.738
7.378	0.788	0.738
7.378	0.788	0.738
7.378	0.788	0.738
7.378	0.788	0.738
7.590	0.788	0.738
7.595	0.788	0.738
7.595	0.788	0.738
7.595	0.788	0.738
7.595	0.788	0.738
8.339	0.788	0.738
8.464	0.788	0.738
8.464	0.788	0.738
8.464	0.788	0.738
8.464	0.788	0.738
8.464	0.788	0.738
8.464	0.788	0.738
8.464	0.788	0.738
8.464	0.788	0.738
8.464	0.788	0.738
8.464	0.788	0.738
8.464	0.788	0.738
8.500	0.788	0.738
8.500	0.788	0.738
8.500	0.788	0.738
8.500	0.788	0.738
8.500	0.788	0.738
8.500	0.788	0.738
8.500	0.788	0.738
8.500	0.788	0.738
8.500	0.788	0.738
8.500	0.788	0.738
8.500	0.788	0.738
8.500	0.788	0.738
8.500	0.788	0.738
8.500	0.788	0.738
8.500	0.788	0.738
8.500	0.788	0.738
8.500	0.788	0.738
8.500	0.788	0.738
8.500	0.788	0.738
8.485	0.788	0.738
8.485	0.788	0.738
8.485	0.788	0.738
8.485	0.788	0.738
8.265	0.788	0.738
8.265	0.788	0.738
8.265	0.788	0.738
8.265	0.788	0.738
8.265	0.788	0.738
8.494	0.788	0.738
8.494	0.788	0.738
8.494	0.788	0.738
8.494	0.788	0.738
8.473	0.788	0.738
8.472	0.788	0.738
8.472	0.788	0.738
8.347	0.788	0.738
8.347	0.788	0.738
8.347	0.788	0.738
8.347	0.788	0.738
8.347	0.788	0.738
8.348	0.788	0.738
8.348	0.788	0.738
8.550	0.788	0.738
8.087	0.788	0.738
8.087	0.788	0.738
8.087	0.788	0.738
8.087	0.788	0.738
8.087	0.788	0.738
8.367	0.788	0.738
8.087	0.788	0.738
8.087	0.788	0.738
8.087	0.788	0.738
8.087	0.788	0.738
8.023	0.788	0.738
8.023	0.788	0.738
8.002	0.788	0.738
8.002	0.788	0.738
8.002	0.788	0.738
8.002	0.788	0.738
8.002	0.788	0.738
8.002	0.788	0.738
8.002	0.788	0.738
8.002	0.788	0.738
8.022	0.788	0.738
8.022	0.788	0.738
8.022	0.788	0.738
8.022	0.788	0.738
8.022	0.788	0.738
8.022	0.788	0.738
7.871	0.788	0.738
7.871	0.788	0.738
7.871	0.788	0.738
7.871	0.788	0.738
7.871	0.788	0.738
7.871	0.788	0.738
8.077	0.788	0.738
7.871	0.788	0.738
7.871	0.788	0.738
7.871	0.788	0.738
7.871	0.788	0.738
7.871	0.788	0.738
7.871	0.788	0.738
7.871	0.788	0.738
7.469	0.788	0.738
7.469	0.788	0.738
7.469	0.788	0.738
7.469	0.788	0.738
7.269	0.800	0.738
7.695	0.800	0.738
7.269	0.800	0.738
7.269	0.800	0.738
7.269	0.800	0.738
7.269	0.800	0.738
7.269	0.800	0.738
7.269	0.800	0.738
7.269	0.800	0.738
7.004	0.812	0.738
7.004	0.812	0.738
7.004	0.812	0.738
7.004	0.812	0.738
7.004	0.812	0.738
7.004	0.812	0.738
7.004	0.812	0.738
7.004	0.812	0.738
7.004	0.812	0.738
7.004	0.812	0.738
7.004	0.812	0.738
7.004	0.812	0.738
7.004	0.812	0.738
7.004	0.812	0.738
7.004	0.812	0.738
7.004	0.812	0.738
7.004	0.812	0.738
7.004	0.812	0.738
7.004	0.812	0.738
7.229	0.812	0.738
7.004	0.812	0.738
13.552	0.812	0.738
7.004	0.812	0.738
7.004	0.812	0.738
7.004	0.812	0.738
7.004	0.812	0.738
7.004	0.812	0.738
7.004	0.812	0.738
7.004	0.812	0.738
7.004	0.812	0.738
7.004	0.812	0.738
6.971	0.812	0.738
6.971	0.812	0.738
6.971	0.812	0.738
7.666	0.812	0.738
6.971	0.812	0.738
6.972	0.812	0.738
6.972	0.812	0.738
6.972	0.812	0.738
6.972	0.812	0.738
6.972	0.812	0.738
6.972	0.812	0.738
6.972	0.812	0.738
6.972	0.812	0.738
6.972	0.812	0.738
6.972	0.812	0.738
6.972	0.812	0.738
6.972	0.812	0.738
6.989	0.812	0.738
6.972	0.812	0.738
6.972	0.812	0.738
6.972	0.812	0.738
6.972	0.812	0.738
6.972	0.812	0.738
6.972	0.812	0.738
7.359	0.812	0.738
6.972	0.812	0.738
6.972	0.812	0.738
6.972	0.812	0.738
6.972	0.812	0.738
6.972	0.812	0.738
6.972	0.812	0.738
6.972	0.812	0.738
6.972	0.812	0.738
6.972	0.812	0.738
6.972	0.812	0.738
6.972	0.812	0.738
6.972	0.812	0.738
6.972	0.812	0.738
6.972	0.812	0.738
6.972	0.812	0.738
7.666	0.812	0.738
6.748	0.788	0.738
6.748	0.788	0.738
6.748	0.788	0.738
6.566	0.812	0.754
6.566	0.812	0.754
6.583	0.812	0.754
6.730	0.812	0.754
6.566	0.812	0.754
6.566	0.812	0.754
6.566	0.812	0.754
6.700	0.812	0.754
6.566	0.812	0.754
6.566	0.812	0.754
6.989	0.812	0.754
6.765	0.812	0.754
6.566	0.812	0.754
6.566	0.812	0.754
6.677	0.812	0.754
6.748	0.812	0.754
6.566	0.812	0.754
6.566	0.812	0.754
6.566	0.812	0.754
6.566	0.812	0.754
6.566	0.812	0.754
6.566	0.812	0.754
6.566	0.812	0.754
6.566	0.812	0.754
6.566	0.812	0.754
7.085	0.812	0.754
6.590	0.812	0.754
6.610	0.812	0.754
6.566	0.812	0.754
6.566	0.812	0.754
6.566	0.812	0.754
18.325	0.812	0.754
6.395	0.812	0.754
6.395	0.812	0.754
6.395	0.812	0.754
6.395	0.812	0.754
6.395	0.812	0.754
7.292	0.812	0.754
6.395	0.812	0.754
6.395	0.812	0.754
6.404	0.812	0.754
6.395	0.812	0.754
6.395	0.812	0.754
6.395	0.812	0.754
6.395	0.812	0.754
6.395	0.812	0.754
6.395	0.812	0.754
6.395	0.812	0.754
6.630	0.812	0.754
6.395	0.812	0.754
6.395	0.812	0.754
6.395	0.812	0.754
6.395	0.812	0.754
6.395	0.812	0.754
6.395	0.812	0.754
6.448	0.812	0.754
6.690	0.812	0.754
6.395	0.812	0.754
6.395	0.812	0.754
6.380	0.812	0.754
7.095	0.812	0.754
6.380	0.812	0.754
6.380	0.812	0.754
6.380	0.812	0.754
6.380	0.812	0.754
6.380	0.812	0.754
6.380	0.812	0.754
6.380	0.812	0.754
6.380	0.812	0.754
6.380	0.812	0.754
6.380	0.812	0.754
6.380	0.812	0.754
6.380	0.812	0.754
6.405	0.812	0.754
6.380	0.812	0.754
6.380	0.812	0.754
6.380	0.812	0.754
6.380	0.812	0.754
6.380	0.812	0.754
6.380	0.812	0.754
6.380	0.812	0.754
6.380	0.812	0.754
6.381	0.812	0.754
6.380	0.812	0.754
6.380	0.812	0.754
6.380	0.812	0.754
6.380	0.812	0.754
6.380	0.812	0.754
6.134	0.812	0.754
6.683	0.812	0.754
6.134	0.812	0.754
6.212	0.812	0.754
6.134	0.812	0.754
6.354	0.812	0.754
6.134	0.812	0.754
6.134	0.812	0.754
5.950	0.835	0.831
6.468	0.835	0.831
5.950	0.835	0.831
5.950	0.835	0.831
5.990	0.835	0.831
6.231	0.835	0.831
6.385	0.835	0.831
5.950	0.835	0.831
5.950	0.835	0.831
5.950	0.835	0.831
5.950	0.835	0.831
5.950	0.835	0.831
5.950	0.835	0.831
5.950	0.835	0.831
5.950	0.835	0.831
5.950	0.835	0.831
9.151	0.835	0.831
5.950	0.835	0.831
5.950	0.835	0.831
5.950	0.835	0.831
5.950	0.835	0.831
5.950	0.835	0.831
6.121	0.835	0.831
5.958	0.835	0.831
5.950	0.835	0.831
7.381	0.835	0.831
5.950	0.835	0.831
5.950	0.835	0.831
5.950	0.835	0.831
5.950	0.835	0.831
5.950	0.835	0.831
5.950	0.835	0.831
5.950	0.835	0.831
5.950	0.835	0.831
5.950	0.835	0.831
5.950	0.835	0.831
5.950	0.835	0.831
5.950	0.835	0.831
5.950	0.835	0.831
6.646	0.835	0.831
5.950	0.835	0.831
5.950	0.835	0.831
5.950	0.835	0.831
5.754	0.824	0.769
5.754	0.824	0.769
6.165	0.824	0.769
5.754	0.824	0.769
5.754	0.824	0.769
5.764	0.824	0.769
5.754	0.824	0.769
5.754	0.824	0.769
5.754	0.824	0.769
5.754	0.824	0.769
5.754	0.824	0.769
5.732	0.824	0.769
5.732	0.824	0.769
5.732	0.824	0.769
5.732	0.824	0.769
5.732	0.824	0.769
5.732	0.824	0.769
5.733	0.824	0.769
5.732	0.824	0.769
5.732	0.824	0.769
5.732	0.824	0.769
6.060	0.824	0.769
5.782	0.824	0.769
5.732	0.824	0.769
5.732	0.824	0.769
5.732	0.824	0.769
5.754	0.824	0.769
5.732	0.824	0.769
5.732	0.824	0.769
5.732	0.824	0.769
5.732	0.824	0.769
5.732	0.824	0.769
5.732	0.824	0.769
5.732	0.824	0.769
5.892	0.824	0.769
5.737	0.824	0.769
5.732	0.824	0.769
5.732	0.824	0.769
5.732	0.824	0.769
5.732	0.824	0.769
5.732	0.824	0.769
5.732	0.824	0.769
5.732	0.824	0.769
5.732	0.824	0.769
5.732	0.824	0.769
5.732	0.824	0.769
5.732	0.824	0.769
5.732	0.824	0.769
5.732	0.824	0.769
5.732	0.824	0.769
5.732	0.824	0.769
5.732	0.824	0.769
5.732	0.824	0.769
14.995	0.824	0.769
5.732	0.824	0.769
5.732	0.824	0.769
5.732	0.824	0.769
5.732	0.824	0.769
5.732	0.824	0.769
14.931	0.824	0.769
5.832	0.824	0.769
5.732	0.824	0.769
5.732	0.824	0.769
5.732	0.824	0.769
5.729	0.824	0.769
5.729	0.824	0.769
5.731	0.824	0.769
5.729	0.824	0.769
5.719	0.824	0.785
5.719	0.824	0.785
5.719	0.824	0.785
5.719	0.824	0.785
5.719	0.824	0.785
5.719	0.824	0.785
5.719	0.824	0.785
5.719	0.824	0.785
5.719	0.824	0.785
5.719	0.824	0.785
5.751	0.824	0.785
5.719	0.824	0.785
6.030	0.824	0.785
5.719	0.824	0.785
5.719	0.824	0.785
5.719	0.824	0.785
5.719	0.824	0.785
5.719	0.824	0.785
5.286	0.859	0.815
5.286	0.859	0.815
5.121	0.871	0.846
5.123	0.871	0.846
5.121	0.871	0.846
5.121	0.871	0.846
5.121	0.871	0.846
5.119	0.871	0.846
5.119	0.871	0.846
5.106	0.871	0.831
6.181	0.871	0.831
5.106	0.871	0.831
5.106	0.871	0.831
5.106	0.871	0.831
5.354	0.871	0.831
5.106	0.871	0.831
5.106	0.871	0.831
5.106	0.871	0.831
5.106	0.871	0.831
5.106	0.871	0.831
5.106	0.871	0.831
5.112	0.871	0.831
5.105	0.871	0.831
5.105	0.871	0.831
5.277	0.871	0.831
5.105	0.871	0.831
5.106	0.871	0.831
5.181	0.871	0.831
5.116	0.871	0.831
5.105	0.871	0.831
5.281	0.871	0.831
5.765	0.871	0.831
5.105	0.871	0.831
5.105	0.871	0.831
5.105	0.871	0.831
5.105	0.871	0.831
5.105	0.871	0.831
5.098	0.871	0.831
5.098	0.871	0.831
5.098	0.871	0.831
5.098	0.871	0.831
5.098	0.871	0.831
5.098	0.871	0.831
5.098	0.871	0.831
5.098	0.871	0.831
5.098	0.871	0.831
5.314	0.871	0.831
5.098	0.871	0.831
5.098	0.871	0.831
5.098	0.871	0.831
5.098	0.871	0.831
4.980	0.871	0.831
4.980	0.871	0.831
4.980	0.871	0.831
4.980	0.871	0.831
4.980	0.871	0.831
4.973	0.894	0.846
4.973	0.894	0.846
4.973	0.894	0.846
5.035	0.894	0.846
4.973	0.894	0.846
4.973	0.894	0.846
4.973	0.894	0.846
4.973	0.894	0.846
4.973	0.894	0.846
4.973	0.894	0.846
4.967	0.894	0.846
5.035	0.894	0.846
4.967	0.894	0.846
4.967	0.894	0.846
4.967	0.894	0.846
4.970	0.894	0.846
4.967	0.894	0.846
4.967	0.894	0.846
4.967	0.894	0.846
4.967	0.894	0.846
4.376	0.894	0.846
4.376	0.894	0.846
4.376	0.894	0.846
4.376	0.894	0.846
18.162	0.894	0.846
4.376	0.894	0.846
4.376	0.894	0.846
4.341	0.894	0.846
4.341	0.894	0.846
4.341	0.894	0.846
4.341	0.894	0.846
4.340	0.894	0.846
4.299	0.906	0.862
4.299	0.906	0.862
4.299	0.906	0.862
5.285	0.906	0.862
4.299	0.906	0.862
4.299	0.906	0.862
4.299	0.906	0.862
4.252	0.906	0.862
4.252	0.906	0.862
4.252	0.906	0.862
4.674	0.906	0.862
4.252	0.906	0.862
4.252	0.906	0.862
4.252	0.906	0.862
4.264	0.906	0.862
4.252	0.906	0.862
4.252	0.906	0.862
4.294	0.906	0.862
4.252	0.906	0.862
4.252	0.906	0.862
4.252	0.906	0.862
4.252	0.906	0.862
4.252	0.906	0.862
4.252	0.906	0.862
4.610	0.906	0.862
4.252	0.906	0.862
4.252	0.906	0.862
4.649	0.906	0.862
4.264	0.906	0.862
4.318	0.906	0.862
4.252	0.906	0.862
4.252	0.906	0.862
4.252	0.906	0.862
4.253	0.906	0.862
4.265	0.906	0.862
4.252	0.906	0.862
4.252	0.906	0.862
4.251	0.906	0.862
4.251	0.906	0.862
4.182	0.906	0.862
4.200	0.906	0.862
4.182	0.906	0.862
4.182	0.906	0.862
4.202	0.906	0.862
4.182	0.906	0.862
4.182	0.906	0.862
4.182	0.906	0.862
4.182	0.906	0.862
4.182	0.906	0.862
4.182	0.906	0.862
4.182	0.906	0.862
4.182	0.906	0.862
4.183	0.906	0.862
4.182	0.906	0.862
4.184	0.906	0.862
4.478	0.906	0.862
4.182	0.906	0.862
4.182	0.906	0.862
4.182	0.906	0.862
4.182	0.906	0.862
20.893	0.906	0.862
4.439	0.906	0.862
4.225	0.906	0.862
4.182	0.906	0.862
4.182	0.906	0.862
4.182	0.906	0.862
4.182	0.906	0.862
4.182	0.906	0.862
4.175	0.906	0.862
4.175	0.906	0.862
4.177	0.906	0.862
4.317	0.906	0.862
4.175	0.906	0.862
4.175	0.906	0.862
4.175	0.906	0.862
4.175	0.906	0.862
4.175	0.906	0.862
5.230	0.906	0.862
4.175	0.906	0.862
4.174	0.906	0.862
4.174	0.906	0.862
4.174	0.906	0.862
4.174	0.906	0.862
4.290	0.906	0.862
4.174	0.906	0.862
4.174	0.906	0.862
4.174	0.906	0.862
4.174	0.906	0.862
4.174	0.906	0.862
4.310	0.906	0.862
4.174	0.906	0.862
4.174	0.906	0.862
4.174	0.906	0.862
4.197	0.906	0.862
4.176	0.906	0.862
4.174	0.906	0.862
4.174	0.906	0.862
4.174	0.906	0.862
4.174	0.906	0.862
5.321	0.906	0.862
4.174	0.906	0.862
4.165	0.906	0.862
4.165	0.906	0.862
4.216	0.906	0.862
4.165	0.906	0.862
4.165	0.906	0.862
4.165	0.906	0.862
4.165	0.906	0.862
4.165	0.906	0.862
4.165	0.906	0.862
4.419	0.906	0.862
4.179	0.906	0.862
4.165	0.906	0.862
4.165	0.906	0.862
4.165	0.906	0.862
4.165	0.906	0.862
4.765	0.906	0.862
4.173	0.906	0.862
4.170	0.906	0.862
4.256	0.906	0.862
4.165	0.906	0.862
4.165	0.906	0.862
4.165	0.906	0.862
4.165	0.906	0.862
4.959	0.906	0.862
10.336	0.906	0.862
4.165	0.906	0.862
4.165	0.906	0.862
4.166	0.906	0.862
4.165	0.906	0.862
4.262	0.906	0.862
4.165	0.906	0.862
4.165	0.906	0.862
6.953	0.906	0.862
4.165	0.906	0.862
4.165	0.906	0.862
4.165	0.906	0.862
4.165	0.906	0.862
6.387	0.906	0.862
4.116	0.906	0.862
4.116	0.906	0.862
4.116	0.906	0.862
4.116	0.906	0.862
4.124	0.906	0.862
4.116	0.906	0.862
4.116	0.906	0.862
4.114	0.906	0.862
4.114	0.906	0.862
4.114	0.906	0.862
4.114	0.906	0.862
4.108	0.906	0.862
4.108	0.906	0.862
4.108	0.906	0.862
4.108	0.906	0.862
5.124	0.906	0.862
4.109	0.906	0.862
4.108	0.906	0.862
4.108	0.906	0.862
4.108	0.906	0.862
4.208	0.906	0.862
4.176	0.906	0.862
4.108	0.906	0.862
4.108	0.906	0.862
4.108	0.906	0.862
4.108	0.906	0.862
4.108	0.906	0.862
4.100	0.906	0.862
4.100	0.906	0.862
4.100	0.906	0.862
4.100	0.906	0.862
4.100	0.906	0.862
4.100	0.906	0.862
4.100	0.906	0.862
4.095	0.906	0.862
4.095	0.906	0.862
19.784	0.906	0.862
4.095	0.906	0.862
4.117	0.906	0.862
4.095	0.906	0.862
4.095	0.906	0.862
4.095	0.906	0.862
4.093	0.906	0.862
4.093	0.906	0.862
4.093	0.906	0.862
4.093	0.906	0.862
4.093	0.906	0.862
4.093	0.906	0.862
4.093	0.906	0.862
4.093	0.906	0.862
4.093	0.906	0.862
4.093	0.906	0.862
4.093	0.906	0.862
4.245	0.906	0.862
4.093	0.906	0.862
4.093	0.906	0.862
3.768	0.941	0.908
3.768	0.941	0.908
3.768	0.941	0.908
3.768	0.941	0.908
3.256	0.918	0.908
3.321	0.918	0.908
3.256	0.918	0.908
3.256	0.918	0.908
3.256	0.918	0.908
3.258	0.918	0.908
3.256	0.918	0.908
3.266	0.918	0.908
3.256	0.918	0.908
3.261	0.918	0.908
3.256	0.918	0.908
3.256	0.918	0.908
3.256	0.918	0.908
3.256	0.918	0.908
3.717	0.918	0.908
3.256	0.918	0.908
3.256	0.918	0.908
3.256	0.918	0.908
3.256	0.918	0.908
3.252	0.918	0.908
3.238	0.918	0.908
3.301	0.918	0.908
3.238	0.918	0.908
4.602	0.918	0.908
3.238	0.918	0.908
3.238	0.918	0.908
3.243	0.918	0.908
3.238	0.918	0.908
3.269	0.918	0.908
3.681	0.918	0.908
3.238	0.918	0.908
3.238	0.918	0.908
3.238	0.918	0.908
3.238	0.918	0.908
3.238	0.918	0.908
3.414	0.918	0.908
3.238	0.918	0.908
3.238	0.918	0.908
3.238	0.918	0.908
3.266	0.918	0.908
3.238	0.918	0.908
3.238	0.918	0.908
3.238	0.918	0.908
3.238	0.918	0.908
3.241	0.918	0.908
3.238	0.918	0.908
3.238	0.918	0.908
3.239	0.918	0.908
3.238	0.918	0.908
3.238	0.918	0.908
3.238	0.918	0.908
3.288	0.918	0.908
3.238	0.918	0.908
3.234	0.918	0.908
3.234	0.918	0.908
3.724	0.918	0.908
14.517	0.918	0.908
6.604	0.918	0.908
3.234	0.918	0.908
3.234	0.918	0.908
3.234	0.918	0.908
3.234	0.918	0.908
3.234	0.918	0.908
3.234	0.918	0.908
3.266	0.918	0.908
3.530	0.918	0.908
3.234	0.918	0.908
3.234	0.918	0.908
3.234	0.918	0.908
3.234	0.918	0.908
3.234	0.918	0.908
3.234	0.918	0.908
3.234	0.918	0.908
3.234	0.918	0.908
3.234	0.918	0.908
3.234	0.918	0.908
3.234	0.918	0.908
3.234	0.918	0.908
3.234	0.918	0.908
3.234	0.918	0.908
3.234	0.918	0.908
3.234	0.918	0.908
3.234	0.918	0.908
3.234	0.918	0.908
3.307	0.918	0.908
3.248	0.918	0.908
3.234	0.918	0.908
7.013	0.918	0.908
3.234	0.918	0.908
3.234	0.918	0.908
3.234	0.918	0.908
3.234	0.918	0.908
3.234	0.918	0.908
3.234	0.918	0.908
3.233	0.918	0.908
3.233	0.918	0.908
14.700	0.918	0.908
3.233	0.918	0.908
3.233	0.918	0.908
3.233	0.918	0.908
3.233	0.918	0.908
3.233	0.918	0.908
3.233	0.918	0.908
3.233	0.918	0.908
3.233	0.918	0.908
3.233	0.918	0.908
3.233	0.918	0.908
3.233	0.918	0.908
3.233	0.918	0.908
3.285	0.918	0.908
3.233	0.918	0.908
3.233	0.918	0.908
3.233	0.918	0.908
3.233	0.918	0.908
3.233	0.918	0.908
3.233	0.918	0.908
3.233	0.918	0.908
3.233	0.918	0.908
3.233	0.918	0.908
4.838	0.918	0.908
3.233	0.918	0.908
3.233	0.918	0.908
3.233	0.918	0.908
3.233	0.918	0.908
3.233	0.918	0.908
3.233	0.918	0.908
3.233	0.918	0.908
3.240	0.918	0.908
3.233	0.918	0.908
3.233	0.918	0.908
3.366	0.918	0.908
3.259	0.918	0.908
3.233	0.918	0.908
3.233	0.918	0.908
3.233	0.918	0.908
3.233	0.918	0.908
3.232	0.918	0.908
3.589	0.918	0.908
3.232	0.918	0.908
3.232	0.918	0.908
3.232	0.918	0.908
3.232	0.918	0.908

Error results for GA
---------------------------
7.205	0.788	0.738
7.807	0.788	0.738
7.078	0.788	0.738
8.547	0.788	0.738
7.466	0.788	0.738
14.848	0.788	0.738
19.833	0.788	0.738
10.748	0.800	0.754
7.876	0.800	0.754
13.681	0.788	0.738
7.006	0.788	0.738
6.827	0.776	0.738
7.600	0.776	0.738
13.568	0.776	0.738
7.050	0.776	0.738
9.664	0.776	0.738
16.497	0.776	0.738
18.611	0.776	0.738
14.992	0.776	0.738
9.856	0.776	0.738
10.336	0.776	0.738
8.559	0.776	0.738
8.285	0.788	0.738
8.257	0.788	0.738
7.604	0.788	0.738
7.328	0.788	0.738
8.862	0.788	0.738
17.386	0.788	0.738
8.585	0.788	0.738
7.096	0.788	0.738
7.156	0.788	0.738
11.456	0.788	0.738
10.092	0.788	0.738
7.400	0.788	0.738
7.256	0.788	0.738
7.271	0.788	0.738
10.152	0.788	0.738
7.170	0.788	0.738
7.493	0.788	0.738
7.094	0.788	0.738
8.951	0.788	0.738
8.147	0.788	0.738
12.194	0.788	0.738
7.254	0.788	0.738
7.143	0.788	0.738
16.007	0.788	0.738
7.100	0.788	0.738
6.208	0.788	0.738
6.411	0.788	0.738
7.258	0.788	0.738
7.473	0.788	0.738
7.477	0.788	0.738
9.679	0.788	0.738
7.049	0.788	0.738
7.499	0.788	0.738
7.235	0.788	0.738
16.323	0.788	0.738
7.730	0.788	0.738
7.190	0.812	0.754
7.477	0.812	0.754
7.275	0.812	0.754
8.598	0.788	0.738
9.088	0.788	0.738
6.989	0.788	0.738
7.911	0.788	0.738
6.800	0.835	0.785
7.134	0.788	0.738
14.965	0.788	0.738
7.874	0.788	0.738
7.291	0.788	0.738
8.654	0.788	0.738
7.315	0.788	0.738
7.115	0.788	0.738
7.630	0.788	0.738
7.742	0.788	0.738
8.011	0.788	0.738
7.301	0.788	0.738
7.589	0.788	0.738
7.654	0.788	0.738
8.445	0.788	0.738
7.163	0.788	0.738
10.615	0.788	0.738
7.554	0.788	0.738
7.257	0.788	0.738
8.216	0.788	0.738
7.420	0.788	0.738
7.536	0.788	0.738
7.492	0.788	0.738
7.777	0.788	0.738
7.094	0.788	0.738
6.588	0.788	0.738
6.495	0.788	0.738
8.734	0.788	0.738
7.013	0.788	0.738
7.886	0.788	0.738
7.145	0.788	0.738
9.820	0.788	0.738
7.492	0.788	0.738
6.820	0.788	0.738
7.499	0.788	0.738
7.796	0.788	0.738
7.208	0.788	0.738
7.106	0.776	0.738
6.407	0.788	0.738
6.639	0.788	0.738
6.064	0.788	0.738
7.766	0.788	0.738
7.220	0.788	0.738
6.193	0.788	0.738
7.391	0.788	0.738
7.431	0.788	0.738
7.314	0.788	0.738
6.324	0.824	0.754
7.926	0.776	0.738
7.549	0.776	0.738
7.149	0.788	0.738
9.888	0.894	0.815
6.906	0.894	0.815
6.361	0.871	0.800
7.558	0.871	0.800
6.314	0.776	0.723
8.201	0.871	0.800
6.832	0.788	0.738
6.003	0.906	0.862
6.990	0.906	0.862
7.187	0.788	0.738
6.873	0.788	0.723
7.530	0.788	0.723
7.046	0.894	0.892
6.675	0.906	0.815
6.097	0.929	0.862
5.926	0.906	0.862
7.176	0.788	0.738
6.899	0.894	0.877
6.373	0.894	0.877
7.035	0.894	0.877
6.260	0.894	0.877
7.217	0.800	0.738
6.697	0.788	0.754
6.966	0.765	0.738
7.195	0.788	0.738
7.218	0.788	0.738
6.018	0.788	0.738
7.515	0.788	0.738
5.820	0.788	0.738
5.092	0.824	0.723
9.067	0.788	0.723
7.087	0.800	0.738
7.070	0.800	0.738
6.393	0.765	0.754
5.097	0.800	0.738
6.880	0.800	0.738
6.599	0.800	0.738
7.840	0.800	0.738
8.432	0.800	0.738
6.072	0.800	0.738
6.675	0.776	0.738
5.610	0.765	0.738
5.880	0.812	0.738
4.994	0.800	0.738
6.605	0.812	0.738
5.877	0.812	0.738
5.649	0.812	0.738
6.707	0.776	0.738
7.250	0.812	0.723
5.559	0.918	0.862
4.403	0.918	0.846
5.571	0.918	0.846
4.793	0.918	0.862
6.860	0.918	0.862
5.843	0.918	0.862
6.254	0.918	0.862
6.075	0.918	0.862
5.718	0.929	0.877
4.239	0.929	0.877
5.787	0.929	0.877
4.798	0.929	0.877
5.007	0.918	0.877
4.693	0.918	0.877
4.472	0.918	0.877
5.665	0.929	0.877
4.297	0.918	0.862
3.689	0.929	0.877
3.860	0.929	0.892
6.220	0.929	0.892
6.084	0.929	0.892
4.310	0.929	0.892
3.722	0.918	0.846
3.960	0.929	0.877
4.840	0.929	0.877
5.325	0.929	0.877
4.432	0.918	0.877
4.110	0.929	0.877
3.937	0.929	0.877
5.404	0.918	0.862
4.447	0.918	0.862
3.896	0.918	0.862
3.928	0.918	0.862
3.558	0.929	0.862
3.591	0.929	0.862
3.154	0.906	0.862
3.964	0.929	0.862
4.646	0.929	0.862
3.631	0.918	0.862
3.634	0.918	0.877
3.310	0.918	0.877
4.089	0.918	0.877
3.462	0.918	0.877
3.776	0.906	0.877
4.167	0.929	0.877
3.286	0.918	0.877
3.464	0.918	0.877
3.996	0.918	0.877
3.847	0.918	0.877
3.627	0.918	0.877
3.643	0.929	0.877
3.314	0.918	0.877
3.508	0.918	0.862
3.668	0.918	0.862
4.326	0.918	0.862
4.032	0.918	0.877
3.630	0.929	0.862
3.539	0.941	0.877
4.072	0.918	0.877
3.484	0.918	0.877
3.862	0.918	0.877
4.045	0.941	0.877
3.574	0.941	0.877
3.291	0.918	0.877
3.940	0.941	0.877
3.347	0.941	0.877
3.280	0.941	0.877
4.481	0.918	0.877
4.113	0.918	0.877
3.981	0.918	0.877
3.336	0.918	0.877
3.832	0.941	0.877
3.226	0.941	0.877
3.357	0.929	0.877
3.063	0.929	0.877
3.600	0.929	0.877
3.477	0.918	0.862
3.249	0.918	0.862
4.971	0.918	0.862
3.511	0.918	0.877
3.214	0.918	0.877
3.841	0.918	0.877
3.009	0.918	0.877
3.505	0.941	0.877
4.283	0.941	0.877
3.540	0.941	0.862
3.056	0.941	0.862
3.508	0.941	0.862
3.128	0.929	0.877
2.928	0.918	0.877
2.922	0.918	0.877
3.185	0.941	0.862
3.172	0.918	0.877
3.229	0.918	0.877
3.038	0.929	0.877
2.910	0.918	0.877
2.715	0.929	0.877
3.363	0.918	0.877
2.909	0.918	0.877
3.057	0.941	0.862
3.276	0.941	0.877
2.975	0.941	0.877
2.796	0.929	0.877
2.971	0.918	0.877
3.329	0.918	0.877
2.457	0.929	0.877
3.061	0.929	0.877
2.950	0.929	0.877
3.184	0.929	0.877
2.906	0.929	0.877
3.062	0.929	0.877
3.338	0.929	0.877
2.964	0.929	0.877
2.920	0.929	0.877
2.951	0.929	0.877
2.954	0.941	0.877
2.951	0.929	0.877
2.951	0.918	0.877
3.154	0.918	0.877
3.164	0.918	0.877
2.983	0.929	0.877
3.084	0.918	0.877
2.479	0.918	0.877
3.089	0.929	0.877
2.902	0.929	0.877
2.941	0.929	0.877
3.210	0.929	0.877
2.870	0.929	0.877
2.791	0.929	0.877
2.830	0.929	0.877
2.811	0.929	0.877
2.969	0.918	0.877
2.605	0.929	0.877
2.872	0.929	0.877
2.787	0.941	0.877
2.946	0.941	0.877
2.964	0.929	0.877
4.051	0.929	0.877
3.386	0.929	0.877
2.908	0.929	0.877
3.172	0.929	0.877
3.139	0.929	0.877
2.572	0.929	0.877
2.512	0.918	0.877
2.872	0.918	0.877
2.537	0.929	0.877
2.900	0.941	0.877
2.880	0.941	0.877
3.055	0.941	0.877
2.812	0.929	0.877
2.634	0.929	0.877
2.750	0.929	0.877
2.863	0.929	0.877
2.917	0.929	0.877
2.748	0.929	0.877
2.909	0.929	0.877
2.664	0.918	0.877
2.702	0.929	0.877
2.651	0.929	0.877
2.441	0.929	0.877
2.496	0.929	0.877
2.548	0.941	0.877
2.912	0.929	0.877
2.588	0.929	0.877
2.542	0.929	0.877
2.491	0.941	0.877
2.902	0.929	0.877
2.556	0.929	0.877
2.804	0.941	0.877
2.686	0.929	0.877
2.555	0.929	0.877
2.555	0.929	0.877
2.738	0.929	0.877
2.703	0.929	0.862
2.461	0.918	0.877
2.662	0.929	0.877
2.482	0.929	0.877
2.638	0.929	0.877
2.435	0.929	0.877
2.477	0.929	0.877
2.531	0.941	0.877
2.550	0.929	0.877
2.937	0.941	0.877
2.646	0.941	0.877
2.628	0.941	0.877
2.434	0.941	0.877
2.552	0.941	0.877
2.411	0.941	0.877
2.457	0.941	0.877
2.457	0.929	0.877
2.439	0.929	0.877
2.526	0.929	0.877
2.546	0.929	0.877
2.809	0.929	0.877
2.500	0.941	0.877
2.755	0.941	0.877
2.428	0.941	0.877
2.487	0.929	0.877
2.426	0.941	0.877
2.451	0.929	0.877
2.531	0.929	0.877
2.498	0.929	0.877
2.441	0.941	0.877
2.558	0.941	0.877
2.361	0.941	0.877
2.529	0.941	0.877
2.451	0.929	0.877
2.468	0.929	0.877
2.457	0.929	0.877
3.297	0.929	0.877
2.390	0.941	0.877
2.459	0.941	0.877
2.624	0.941	0.877
2.962	0.941	0.877
2.462	0.941	0.877
2.444	0.929	0.877
2.493	0.941	0.877
2.527	0.941	0.877
2.584	0.929	0.877
2.437	0.929	0.877
2.429	0.929	0.877
2.420	0.929	0.877
2.449	0.929	0.877
2.757	0.929	0.877
2.373	0.929	0.877
2.473	0.929	0.877
2.370	0.929	0.877
2.459	0.929	0.877
2.457	0.941	0.877
2.463	0.941	0.877
2.446	0.929	0.877
2.507	0.941	0.877
2.360	0.929	0.877
2.491	0.929	0.877
2.421	0.929	0.877
2.376	0.929	0.877
2.434	0.929	0.877
2.357	0.929	0.877
2.460	0.929	0.877
2.427	0.941	0.877
2.436	0.941	0.877
2.457	0.941	0.877
2.449	0.941	0.877
2.439	0.941	0.877
2.437	0.941	0.877
2.405	0.941	0.877
2.483	0.941	0.877
2.437	0.941	0.877
2.441	0.941	0.877
2.357	0.941	0.877
2.417	0.941	0.877
2.427	0.941	0.877
2.477	0.929	0.877
2.475	0.929	0.877
2.434	0.929	0.877
2.474	0.929	0.877
2.446	0.918	0.877
2.355	0.918	0.877
2.374	0.918	0.877
2.381	0.929	0.877
2.367	0.929	0.877
2.737	0.929	0.877
2.367	0.929	0.877
2.262	0.929	0.877
2.283	0.918	0.877
2.345	0.941	0.877
2.367	0.929	0.877
2.263	0.941	0.877
2.444	0.929	0.877
2.282	0.929	0.877
2.274	0.929	0.877
2.417	0.929	0.877
2.452	0.929	0.877
2.387	0.929	0.877
2.275	0.929	0.877
2.337	0.929	0.877
2.284	0.929	0.877
2.287	0.929	0.877
2.478	0.941	0.877
2.308	0.929	0.877
2.457	0.929	0.877
2.434	0.929	0.877
2.270	0.929	0.877
2.366	0.929	0.877
2.359	0.929	0.877
2.417	0.929	0.877
2.439	0.929	0.877
2.397	0.929	0.877
2.276	0.929	0.877
2.362	0.929	0.877
2.440	0.929	0.877
2.379	0.929	0.877
2.375	0.929	0.877
2.356	0.929	0.877
2.433	0.941	0.877
4.642	0.941	0.877
2.374	0.929	0.877
2.364	0.929	0.877
2.298	0.929	0.877
2.348	0.929	0.877
2.388	0.929	0.877
2.353	0.929	0.877
2.424	0.929	0.877
2.383	0.929	0.877
2.392	0.929	0.877
2.362	0.929	0.877
2.281	0.929	0.877
2.273	0.929	0.877
2.130	0.929	0.877
2.290	0.929	0.877
2.260	0.929	0.877
2.258	0.929	0.877
2.303	0.929	0.877
2.292	0.929	0.877
2.300	0.929	0.877
2.346	0.929	0.877
2.278	0.929	0.877
2.495	0.929	0.877
2.268	0.929	0.877
2.330	0.929	0.877
2.280	0.929	0.877
2.628	0.929	0.877
2.310	0.929	0.877
2.258	0.929	0.877
2.287	0.929	0.877
2.271	0.918	0.877
2.250	0.929	0.877
2.278	0.929	0.877
2.564	0.929	0.877
2.336	0.929	0.877
2.300	0.929	0.877
2.287	0.929	0.877
2.255	0.929	0.877
2.284	0.929	0.877
2.287	0.929	0.877
2.286	0.929	0.877
2.331	0.929	0.877
2.282	0.929	0.877
2.337	0.929	0.877
2.286	0.929	0.877
2.314	0.929	0.877
2.248	0.929	0.877
2.278	0.929	0.877
2.306	0.929	0.877
2.456	0.929	0.877
2.700	0.929	0.877
2.218	0.929	0.877
2.277	0.929	0.877
2.213	0.929	0.877
2.471	0.929	0.877
2.302	0.929	0.877
2.357	0.929	0.877
2.264	0.929	0.877
2.357	0.929	0.877
2.242	0.929	0.877
2.264	0.929	0.877
2.263	0.929	0.877
2.311	0.929	0.877
2.279	0.941	0.877
2.289	0.941	0.877
2.275	0.941	0.877
2.368	0.941	0.877
2.251	0.929	0.877
2.321	0.929	0.877
2.309	0.929	0.877
2.275	0.929	0.877
2.299	0.929	0.877
2.320	0.929	0.877
2.357	0.929	0.877
2.304	0.929	0.877
2.331	0.929	0.877
2.350	0.929	0.877
2.305	0.929	0.877
2.266	0.929	0.877
2.214	0.929	0.877
2.298	0.929	0.877
2.291	0.929	0.877
2.335	0.929	0.877
2.300	0.929	0.877
2.276	0.929	0.877
2.278	0.929	0.877
2.262	0.929	0.877
2.259	0.929	0.877
2.259	0.941	0.877
2.291	0.941	0.877
2.280	0.929	0.877
2.272	0.929	0.877
2.512	0.929	0.877
2.283	0.929	0.877
2.316	0.929	0.877
2.272	0.929	0.877
2.321	0.929	0.877
2.259	0.929	0.877
2.294	0.929	0.877
2.302	0.929	0.877
2.314	0.929	0.877
2.289	0.929	0.877
2.292	0.929	0.877
2.347	0.941	0.877
2.307	0.941	0.877
2.285	0.941	0.877
2.381	0.941	0.877
2.276	0.929	0.877
2.300	0.929	0.877
2.250	0.929	0.877
2.281	0.929	0.877
2.297	0.929	0.877
2.286	0.929	0.877
2.287	0.929	0.877
2.297	0.929	0.877
2.277	0.929	0.877
2.255	0.929	0.877
2.237	0.929	0.877
2.295	0.929	0.877
2.284	0.929	0.877
2.255	0.929	0.877
2.278	0.929	0.877
2.224	0.929	0.877
2.817	0.929	0.877
2.298	0.929	0.877
2.319	0.929	0.877
2.269	0.929	0.877
2.303	0.929	0.877
2.305	0.929	0.877
2.309	0.929	0.877
2.245	0.929	0.877
2.224	0.929	0.877
2.310	0.941	0.877
2.210	0.941	0.877
2.294	0.941	0.877
2.323	0.929	0.877
2.393	0.929	0.877
2.204	0.929	0.877
2.299	0.929	0.877
2.204	0.929	0.877
2.288	0.929	0.877
2.301	0.929	0.877
2.301	0.929	0.877
2.370	0.929	0.877
2.294	0.929	0.877
2.431	0.929	0.877
2.138	0.929	0.877
2.312	0.929	0.877
2.179	0.929	0.877
2.298	0.929	0.877
2.237	0.929	0.877
2.165	0.929	0.877
2.273	0.929	0.877
2.279	0.929	0.877
2.268	0.929	0.877
2.259	0.929	0.877
2.213	0.929	0.877
2.166	0.929	0.877
2.247	0.929	0.877
2.270	0.929	0.877
2.271	0.929	0.877
2.251	0.929	0.877
2.213	0.929	0.877
2.135	0.929	0.877
2.156	0.929	0.877
2.273	0.929	0.877
2.241	0.929	0.877
2.298	0.929	0.877
2.221	0.929	0.877
2.219	0.929	0.877
2.154	0.929	0.877
2.306	0.929	0.877
2.203	0.929	0.877
2.250	0.929	0.877
2.236	0.929	0.877
2.143	0.929	0.877
2.444	0.929	0.877
2.159	0.929	0.877
2.166	0.929	0.877
2.167	0.929	0.877
2.206	0.929	0.877
2.162	0.929	0.877
2.194	0.929	0.877
2.157	0.929	0.877
2.144	0.929	0.877
2.114	0.929	0.877
2.224	0.929	0.877
2.154	0.929	0.877
2.180	0.929	0.877
2.271	0.929	0.877
2.167	0.929	0.877
2.164	0.929	0.877
2.200	0.929	0.877
2.187	0.929	0.877
2.163	0.929	0.877
2.159	0.929	0.877
2.138	0.929	0.877
2.183	0.929	0.877
2.158	0.929	0.877
2.159	0.929	0.877
2.267	0.929	0.877
2.158	0.941	0.877
2.203	0.929	0.877
2.174	0.929	0.877
2.144	0.941	0.877
2.123	0.941	0.877
2.143	0.941	0.877
2.209	0.941	0.877
2.187	0.941	0.877
2.142	0.929	0.877
2.174	0.929	0.877
2.164	0.929	0.877
2.671	0.929	0.877
2.144	0.929	0.877
2.138	0.929	0.877
2.201	0.929	0.877
2.159	0.929	0.877
2.127	0.929	0.877
2.163	0.941	0.877
2.122	0.941	0.877
2.167	0.941	0.877
2.219	0.941	0.877
2.015	0.941	0.877
2.137	0.929	0.877
2.251	0.929	0.877
2.121	0.929	0.877
3.304	0.929	0.877
2.182	0.929	0.877
2.144	0.929	0.877
2.212	0.929	0.877
2.161	0.929	0.877
2.134	0.929	0.877
2.236	0.929	0.877
2.209	0.929	0.877
2.157	0.929	0.877
2.114	0.941	0.877
2.103	0.929	0.877
2.146	0.929	0.877
2.286	0.929	0.877
2.176	0.929	0.877
2.294	0.929	0.877
2.131	0.941	0.877
2.144	0.929	0.877
2.243	0.941	0.877
2.611	0.941	0.877
2.157	0.941	0.877
2.371	0.929	0.877
2.131	0.941	0.877
2.138	0.929	0.877
2.170	0.929	0.877
2.147	0.929	0.877
1.965	0.929	0.877
2.131	0.929	0.877
2.210	0.929	0.877
2.164	0.929	0.877
2.214	0.929	0.877
2.206	0.929	0.877
2.166	0.929	0.877
2.159	0.929	0.877
2.172	0.929	0.877
2.142	0.929	0.877
2.212	0.929	0.877
2.223	0.929	0.877
2.332	0.929	0.877
2.142	0.929	0.877
2.201	0.929	0.877
2.182	0.929	0.877
2.192	0.929	0.877
2.131	0.929	0.877
1.985	0.929	0.877
2.206	0.929	0.877
2.147	0.929	0.877
2.237	0.929	0.877
2.055	0.929	0.877
2.019	0.929	0.877
2.046	0.929	0.877
2.267	0.929	0.877
2.173	0.929	0.877
2.141	0.929	0.877
2.006	0.929	0.877
2.012	0.929	0.877
2.143	0.929	0.877
1.968	0.941	0.877
2.151	0.929	0.877
2.005	0.929	0.877
2.475	0.929	0.877
2.022	0.929	0.877
2.020	0.929	0.877
1.959	0.929	0.877
2.268	0.929	0.877
1.991	0.929	0.877
2.074	0.929	0.877
1.959	0.929	0.877
2.040	0.929	0.877
2.060	0.929	0.877
1.959	0.929	0.877
1.993	0.929	0.877
2.182	0.929	0.877
2.058	0.929	0.877
2.218	0.929	0.877
2.035	0.929	0.877
2.003	0.929	0.877
1.964	0.929	0.877
1.987	0.929	0.877
1.973	0.929	0.877
1.958	0.929	0.877
2.040	0.929	0.877
2.007	0.929	0.877
2.027	0.929	0.877
2.035	0.929	0.877
1.998	0.929	0.877
2.058	0.929	0.877
2.058	0.929	0.877
1.962	0.929	0.877
1.938	0.929	0.877
2.523	0.929	0.877
1.992	0.929	0.877
2.022	0.929	0.877
1.940	0.929	0.877
1.986	0.929	0.877
2.068	0.929	0.877
2.068	0.929	0.877
2.057	0.929	0.877
1.990	0.929	0.877
2.199	0.929	0.877
1.991	0.929	0.877
2.018	0.929	0.877
2.022	0.929	0.877
2.003	0.929	0.877
1.987	0.929	0.877
2.068	0.929	0.877
2.032	0.929	0.877
2.007	0.929	0.877
1.959	0.929	0.877
1.992	0.929	0.877
1.979	0.929	0.877
2.005	0.929	0.877
2.080	0.929	0.877
1.947	0.929	0.877
2.018	0.929	0.877
2.067	0.929	0.877
1.951	0.929	0.877
2.025	0.918	0.892
2.012	0.918	0.892
2.076	0.929	0.877
1.958	0.941	0.877
2.043	0.929	0.877
1.962	0.929	0.877
2.010	0.929	0.877
1.979	0.929	0.877
1.966	0.929	0.877
1.957	0.929	0.877
1.976	0.929	0.877
1.956	0.929	0.877
2.003	0.929	0.877
1.959	0.929	0.877
1.985	0.929	0.877
2.002	0.929	0.877
2.228	0.941	0.877
2.068	0.929	0.877
2.024	0.929	0.877
1.979	0.929	0.877
1.957	0.929	0.877
2.037	0.941	0.877
1.944	0.929	0.877
2.224	0.941	0.877
2.055	0.929	0.877
1.997	0.929	0.877
1.963	0.929	0.877
2.032	0.929	0.877
1.972	0.929	0.877
1.939	0.929	0.877
2.059	0.929	0.877
2.002	0.929	0.877
1.997	0.929	0.877
1.959	0.929	0.877
2.049	0.929	0.877
2.130	0.929	0.877
1.925	0.929	0.877
2.031	0.929	0.877
1.957	0.929	0.877
2.213	0.929	0.877
3.782	0.929	0.877
2.049	0.929	0.877
2.769	0.929	0.877
1.964	0.929	0.877
1.987	0.929	0.877
1.958	0.929	0.877
1.969	0.929	0.877
1.951	0.929	0.877
1.935	0.929	0.877
1.946	0.929	0.877
1.949	0.929	0.877
2.005	0.929	0.877
2.012	0.929	0.877
1.956	0.929	0.877
1.968	0.929	0.877
1.967	0.929	0.877
1.942	0.929	0.877
1.993	0.929	0.877
2.035	0.929	0.877
1.997	0.929	0.877
1.966	0.929	0.877
1.962	0.941	0.877
1.965	0.941	0.877
1.953	0.929	0.877
1.979	0.929	0.877
2.091	0.929	0.877
1.949	0.929	0.877
1.947	0.929	0.877
1.998	0.929	0.877
2.037	0.929	0.877
1.936	0.929	0.877
2.066	0.929	0.877
1.962	0.929	0.877
1.989	0.929	0.877
1.993	0.929	0.877
1.943	0.929	0.877
1.984	0.929	0.877
2.441	0.929	0.877
2.373	0.929	0.877
3.441	0.929	0.877
1.940	0.929	0.877
1.962	0.929	0.877
1.954	0.929	0.877
1.994	0.929	0.877
1.866	0.929	0.877
2.686	0.941	0.877
1.991	0.929	0.877
2.037	0.929	0.877
1.944	0.929	0.877
1.978	0.929	0.877
2.039	0.929	0.877
1.955	0.929	0.877
1.930	0.929	0.877
1.993	0.929	0.877
1.929	0.929	0.877
1.940	0.929	0.877
1.962	0.929	0.877
1.976	0.929	0.877
2.031	0.929	0.877
6.056	0.929	0.877
1.981	0.929	0.877
1.960	0.929	0.877
1.950	0.929	0.877
1.869	0.929	0.877
1.928	0.929	0.877
1.924	0.929	0.877
1.964	0.929	0.877
1.997	0.929	0.877
1.970	0.929	0.877
1.965	0.929	0.877
1.872	0.941	0.877
1.972	0.929	0.877
1.902	0.929	0.877
2.405	0.929	0.877
1.962	0.929	0.877
1.935	0.929	0.877
1.938	0.929	0.877
1.926	0.929	0.877
1.919	0.929	0.877
1.952	0.929	0.877
1.936	0.929	0.877
2.064	0.929	0.877
1.921	0.929	0.877
1.952	0.929	0.877
2.005	0.929	0.877
1.950	0.929	0.877
1.931	0.929	0.877
2.134	0.929	0.877
1.918	0.941	0.877
2.156	0.941	0.877
1.861	0.941	0.877
1.941	0.941	0.877
1.976	0.941	0.877
1.949	0.941	0.877
1.954	0.929	0.877
1.865	0.929	0.877
4.337	0.929	0.877
1.948	0.929	0.877
1.857	0.929	0.877
1.921	0.929	0.877
1.823	0.929	0.877
1.940	0.941	0.877
2.017	0.941	0.877
2.108	0.929	0.877
1.881	0.941	0.877
1.862	0.941	0.877
1.936	0.941	0.877
1.793	0.941	0.877
1.898	0.941	0.877
3.047	0.929	0.877
1.925	0.929	0.877
1.999	0.929	0.877
2.778	0.941	0.877
1.853	0.941	0.877
1.888	0.941	0.877
1.877	0.941	0.877
1.900	0.941	0.877
1.868	0.929	0.877
1.883	0.929	0.877
1.908	0.941	0.877
1.857	0.941	0.877
1.787	0.941	0.877
1.929	0.941	0.877
1.916	0.941	0.877
1.786	0.941	0.877
1.876	0.941	0.877
1.955	0.941	0.877
1.784	0.929	0.877
1.953	0.929	0.877
1.897	0.929	0.877
1.796	0.929	0.877
1.893	0.929	0.877
1.874	0.929	0.877
1.898	0.929	0.877
1.829	0.929	0.877
1.828	0.929	0.877
1.969	0.929	0.877
1.886	0.929	0.877
1.774	0.929	0.877
1.876	0.929	0.877
1.915	0.929	0.877
1.743	0.941	0.877
1.789	0.929	0.877
1.872	0.929	0.877
1.877	0.929	0.877
1.743	0.929	0.877
1.841	0.929	0.877
1.871	0.929	0.877
1.795	0.929	0.877
1.862	0.929	0.877
1.915	0.929	0.877
1.866	0.929	0.877
1.885	0.929	0.877
1.896	0.941	0.877
1.864	0.941	0.877
1.804	0.929	0.877
1.846	0.929	0.877
1.846	0.929	0.877

Results for BackProp (Training):
Correctly Classified Instances: 100.00%
Incorrectly Classified Instances: 0.00%

Results for BackProp (Test):
Correctly Classified Instances: 87.69%
Incorrectly Classified Instances: 12.31%

Results for RHC (Training):
Correctly Classified Instances: 92.94%
Incorrectly Classified Instances: 7.06%

Results for RHC (Test):
Correctly Classified Instances: 89.23%
Incorrectly Classified Instances: 10.77%

Results for SA (Training):
Correctly Classified Instances: 91.76%
Incorrectly Classified Instances: 8.24%

Results for SA (Test):
Correctly Classified Instances: 90.77%
Incorrectly Classified Instances: 9.23%

Results for GA (Training):
Correctly Classified Instances: 92.94%
Incorrectly Classified Instances: 7.06%

Results for GA (Test):
Correctly Classified Instances: 87.69%
Incorrectly Classified Instances: 12.31%
