
Error results for RHC
---------------------------
181.124	0.453	0.453
181.287	0.453	0.453
181.124	0.453	0.453
181.123	0.453	0.453
181.123	0.453	0.453
181.292	0.453	0.453
181.011	0.453	0.454
180.739	0.454	0.455
180.711	0.454	0.455
180.711	0.454	0.455
180.710	0.454	0.455
180.558	0.454	0.455
180.558	0.454	0.455
180.558	0.454	0.455
180.831	0.454	0.455
180.536	0.454	0.455
180.533	0.454	0.455
180.525	0.454	0.455
180.489	0.455	0.455
180.806	0.455	0.455
180.503	0.455	0.455
180.410	0.455	0.456
180.410	0.455	0.456
180.394	0.455	0.456
180.394	0.455	0.456
180.394	0.455	0.456
180.394	0.455	0.456
180.394	0.455	0.456
180.400	0.455	0.456
180.379	0.455	0.456
180.379	0.455	0.456
180.193	0.455	0.456
180.068	0.455	0.457
179.687	0.457	0.459
179.686	0.457	0.459
179.365	0.459	0.460
179.332	0.459	0.460
179.304	0.459	0.460
179.294	0.459	0.461
180.433	0.459	0.461
179.294	0.459	0.461
178.049	0.459	0.461
178.047	0.460	0.461
178.054	0.460	0.461
178.046	0.460	0.461
177.804	0.463	0.463
177.521	0.467	0.464
177.511	0.467	0.464
177.511	0.467	0.464
177.584	0.467	0.464
177.485	0.467	0.464
177.456	0.467	0.464
177.463	0.467	0.464
178.005	0.467	0.464
177.456	0.467	0.464
177.456	0.467	0.464
177.456	0.467	0.464
177.456	0.467	0.464
177.458	0.467	0.464
177.455	0.467	0.464
177.455	0.467	0.464
178.794	0.467	0.464
177.279	0.467	0.464
177.279	0.467	0.464
177.272	0.467	0.464
177.272	0.467	0.464
177.272	0.467	0.464
177.244	0.467	0.464
177.236	0.467	0.464
177.236	0.467	0.464
177.215	0.467	0.464
177.220	0.467	0.464
177.215	0.467	0.464
179.192	0.467	0.464
177.216	0.467	0.464
177.215	0.467	0.464
177.215	0.467	0.464
177.219	0.467	0.464
177.220	0.467	0.464
177.217	0.467	0.464
177.215	0.467	0.464
177.222	0.467	0.464
177.169	0.467	0.465
175.271	0.528	0.507
175.271	0.528	0.507
175.271	0.528	0.507
175.271	0.528	0.507
175.276	0.528	0.507
175.271	0.528	0.507
175.197	0.529	0.509
174.628	0.532	0.511
174.628	0.532	0.511
174.627	0.532	0.511
174.629	0.532	0.511
174.621	0.532	0.511
174.623	0.532	0.511
175.082	0.532	0.511
174.581	0.532	0.511
174.589	0.532	0.511
174.244	0.533	0.511
174.244	0.533	0.511
174.313	0.533	0.511
174.244	0.533	0.511
174.240	0.533	0.511
174.240	0.533	0.511
174.322	0.533	0.511
174.242	0.533	0.511
174.240	0.533	0.511
174.259	0.533	0.511
174.240	0.533	0.511
174.282	0.533	0.511
174.204	0.533	0.511
174.260	0.533	0.511
174.204	0.533	0.511
174.204	0.533	0.511
174.200	0.533	0.511
170.327	0.554	0.541
170.341	0.554	0.541
170.358	0.554	0.541
170.327	0.554	0.541
170.327	0.554	0.541
170.327	0.554	0.541
170.327	0.554	0.541
170.316	0.554	0.541
170.486	0.554	0.541
170.265	0.554	0.541
170.263	0.554	0.541
170.264	0.554	0.541
170.263	0.554	0.541
170.263	0.554	0.541
170.491	0.554	0.541
170.263	0.554	0.541
170.100	0.554	0.542
170.100	0.554	0.542
170.073	0.554	0.542
170.119	0.554	0.542
170.048	0.554	0.542
170.052	0.554	0.542
170.048	0.554	0.542
170.048	0.554	0.542
170.017	0.554	0.543
170.017	0.554	0.543
169.959	0.554	0.543
169.959	0.554	0.543
169.959	0.554	0.543
171.238	0.554	0.543
169.959	0.554	0.543
169.958	0.554	0.543
169.957	0.554	0.543
169.957	0.554	0.543
169.957	0.554	0.543
170.454	0.554	0.543
169.957	0.554	0.543
169.985	0.554	0.543
169.957	0.554	0.543
170.056	0.554	0.543
169.963	0.554	0.543
171.856	0.554	0.543
171.284	0.554	0.543
169.962	0.554	0.543
169.769	0.555	0.544
169.856	0.555	0.544
170.188	0.555	0.544
169.769	0.555	0.544
169.527	0.556	0.544
169.495	0.557	0.544
196.616	0.557	0.544
169.495	0.557	0.544
170.380	0.557	0.544
169.494	0.557	0.544
169.494	0.557	0.544
169.492	0.560	0.549
169.492	0.560	0.549
169.120	0.567	0.553
169.358	0.567	0.553
168.886	0.568	0.554
168.882	0.568	0.554
168.997	0.568	0.554
168.882	0.568	0.554
168.692	0.569	0.556
168.561	0.569	0.555
168.674	0.569	0.555
168.561	0.569	0.555
168.627	0.569	0.555
168.561	0.569	0.555
168.594	0.569	0.555
168.579	0.569	0.555
168.561	0.569	0.555
168.561	0.569	0.555
168.559	0.568	0.555
168.200	0.573	0.558
168.170	0.573	0.558
168.179	0.573	0.558
168.173	0.573	0.558
168.110	0.573	0.558
168.110	0.573	0.558
168.225	0.573	0.558
168.110	0.573	0.558
168.069	0.573	0.559
168.069	0.573	0.559
168.038	0.575	0.559
168.598	0.575	0.559
168.056	0.575	0.559
165.918	0.535	0.543
165.918	0.535	0.543
165.918	0.535	0.543
165.874	0.533	0.542
165.867	0.533	0.542
165.867	0.533	0.542
165.867	0.533	0.542
165.867	0.533	0.542
163.664	0.542	0.562
163.659	0.542	0.562
163.660	0.542	0.562
163.650	0.542	0.562
163.799	0.542	0.562
163.650	0.542	0.562
163.640	0.542	0.562
163.638	0.542	0.562
163.637	0.542	0.562
163.637	0.542	0.562
163.644	0.542	0.562
163.637	0.542	0.562
163.616	0.542	0.562
163.615	0.542	0.562
163.615	0.542	0.562
163.601	0.542	0.562
163.654	0.542	0.562
163.470	0.544	0.562
163.487	0.544	0.562
163.468	0.544	0.562
163.120	0.584	0.571
163.122	0.584	0.571
163.668	0.584	0.571
163.120	0.584	0.571
163.095	0.583	0.572
163.084	0.583	0.572
163.069	0.583	0.572
172.884	0.583	0.572
163.069	0.583	0.572
163.069	0.583	0.572
163.069	0.583	0.572
163.053	0.584	0.575
163.058	0.584	0.575
163.216	0.584	0.575
163.056	0.584	0.575
163.054	0.584	0.575
163.052	0.584	0.575
163.054	0.584	0.575
163.053	0.584	0.575
162.966	0.586	0.575
162.961	0.586	0.575
162.961	0.586	0.575
162.962	0.586	0.575
162.961	0.586	0.575
162.961	0.586	0.575
162.956	0.586	0.575
162.956	0.586	0.575
162.956	0.586	0.575
162.956	0.586	0.575
162.956	0.586	0.575
163.751	0.586	0.575
162.955	0.586	0.575
163.018	0.586	0.575
163.480	0.586	0.575
162.882	0.587	0.576
162.879	0.587	0.576
162.849	0.587	0.576
162.933	0.587	0.576
162.849	0.587	0.576
162.881	0.587	0.576
162.849	0.587	0.576
162.849	0.587	0.576
162.849	0.587	0.576
162.833	0.587	0.576
162.831	0.587	0.576
162.825	0.587	0.576
162.829	0.587	0.576
162.685	0.588	0.578
162.685	0.588	0.578
162.038	0.580	0.579
161.297	0.588	0.586
161.296	0.588	0.586
161.724	0.588	0.586
161.299	0.588	0.586
161.296	0.588	0.586
161.257	0.590	0.587
161.257	0.590	0.587
161.257	0.590	0.587
161.291	0.590	0.587
161.303	0.590	0.587
161.268	0.590	0.587
161.257	0.590	0.587
161.257	0.590	0.587
161.257	0.590	0.587
161.274	0.590	0.587
161.258	0.590	0.587
161.244	0.590	0.587
162.494	0.590	0.587
161.190	0.590	0.588
161.181	0.590	0.588
161.181	0.590	0.588
161.181	0.590	0.588
161.181	0.590	0.588
161.181	0.590	0.588
161.181	0.590	0.588
161.180	0.590	0.588
161.179	0.590	0.588
161.209	0.590	0.588
161.172	0.589	0.589
161.175	0.589	0.589
161.176	0.589	0.589
161.172	0.589	0.589
161.170	0.589	0.589
161.068	0.591	0.586
161.068	0.591	0.586
160.754	0.592	0.588
160.750	0.592	0.588
160.465	0.595	0.590
160.446	0.595	0.590
160.445	0.595	0.590
160.445	0.595	0.590
160.437	0.595	0.590
160.432	0.595	0.590
158.018	0.617	0.617
158.018	0.617	0.617
158.018	0.617	0.617
158.011	0.617	0.617
158.044	0.617	0.617
158.011	0.617	0.617
158.057	0.617	0.617
158.011	0.617	0.617
158.002	0.617	0.617
158.002	0.617	0.617
158.002	0.617	0.618
158.013	0.617	0.618
158.299	0.617	0.618
157.938	0.620	0.618
157.938	0.620	0.618
157.938	0.620	0.618
157.938	0.620	0.618
157.914	0.620	0.618
157.914	0.620	0.618
157.869	0.621	0.619
157.869	0.621	0.619
157.869	0.621	0.619
157.866	0.621	0.619
157.866	0.621	0.619
157.786	0.622	0.620
159.128	0.622	0.620
157.787	0.622	0.620
157.786	0.622	0.620
157.786	0.622	0.620
157.758	0.622	0.620
157.775	0.622	0.620
157.758	0.622	0.620
157.758	0.622	0.620
157.758	0.622	0.620
157.758	0.622	0.620
157.758	0.622	0.620
158.719	0.622	0.620
157.760	0.622	0.620
157.723	0.623	0.620
157.613	0.625	0.620
157.615	0.625	0.620
157.613	0.625	0.620
156.969	0.655	0.630
157.021	0.655	0.630
156.969	0.655	0.630
154.896	0.580	0.601
154.880	0.580	0.601
154.880	0.580	0.601
155.489	0.580	0.601
154.874	0.580	0.601
154.775	0.580	0.601
154.775	0.580	0.601
154.776	0.580	0.601
154.773	0.580	0.601
154.745	0.580	0.601
154.742	0.580	0.601
154.750	0.580	0.601
154.752	0.580	0.601
154.806	0.580	0.601
154.803	0.580	0.601
154.742	0.580	0.601
154.742	0.580	0.601
154.742	0.580	0.601
154.621	0.580	0.601
154.621	0.580	0.601
154.621	0.580	0.601
154.621	0.580	0.601
154.611	0.580	0.601
154.632	0.580	0.601
154.679	0.580	0.601
154.606	0.580	0.601
154.607	0.580	0.601
154.754	0.580	0.601
154.587	0.580	0.601
154.587	0.580	0.601
154.587	0.580	0.601
154.483	0.580	0.601
154.632	0.580	0.601
154.483	0.580	0.601
154.482	0.580	0.601
154.482	0.580	0.601
154.482	0.580	0.601
154.416	0.580	0.601
154.425	0.580	0.601
154.416	0.580	0.601
154.416	0.580	0.601
154.408	0.580	0.601
154.408	0.580	0.601
154.408	0.580	0.601
154.410	0.580	0.601
166.989	0.580	0.601
154.408	0.580	0.601
154.408	0.580	0.601
154.404	0.580	0.601
154.420	0.580	0.601
154.259	0.580	0.601
154.259	0.580	0.601
154.337	0.580	0.601
154.259	0.580	0.601
154.258	0.580	0.601
154.258	0.580	0.601
156.668	0.580	0.601
153.029	0.581	0.602
153.322	0.581	0.602
152.910	0.582	0.602
152.892	0.582	0.602
152.893	0.582	0.602
152.892	0.582	0.602
152.891	0.582	0.602
152.889	0.582	0.602
152.877	0.582	0.602
152.879	0.582	0.602
152.877	0.582	0.602
152.877	0.582	0.602
152.810	0.582	0.602
152.990	0.582	0.602
152.471	0.582	0.602
152.471	0.582	0.602
152.471	0.582	0.602
152.502	0.582	0.602
152.471	0.582	0.602
152.606	0.582	0.602
152.434	0.582	0.602
152.321	0.582	0.602
152.210	0.582	0.602
152.416	0.582	0.602
152.210	0.582	0.602
152.210	0.582	0.602
152.210	0.582	0.602
152.210	0.582	0.602
152.238	0.582	0.602
152.210	0.582	0.602
152.210	0.582	0.602
152.210	0.582	0.602
152.304	0.582	0.602
152.210	0.582	0.602
152.210	0.582	0.602
152.298	0.582	0.602
152.202	0.582	0.602
152.198	0.582	0.602
152.198	0.582	0.602
152.197	0.582	0.602
152.169	0.582	0.602
152.164	0.582	0.602
152.140	0.582	0.602
152.151	0.582	0.602
152.140	0.582	0.602
152.130	0.582	0.602
152.512	0.582	0.602
152.131	0.582	0.602
151.822	0.582	0.602
151.822	0.582	0.602
151.825	0.582	0.602
151.822	0.582	0.602
151.822	0.582	0.602
151.822	0.582	0.602
151.822	0.582	0.602
151.822	0.582	0.602
151.822	0.582	0.602
151.842	0.582	0.602
151.850	0.582	0.602
151.842	0.582	0.602
151.793	0.582	0.602
151.793	0.582	0.602
151.799	0.582	0.602
151.793	0.582	0.602
151.793	0.582	0.602
151.335	0.709	0.700
151.304	0.709	0.700
151.313	0.709	0.700
151.304	0.709	0.700
151.337	0.709	0.700
151.308	0.709	0.700
151.304	0.709	0.700
151.304	0.709	0.700
151.312	0.709	0.700
151.304	0.709	0.700
150.763	0.714	0.697
150.366	0.717	0.699
150.366	0.717	0.699
150.366	0.717	0.699
150.366	0.717	0.699
150.397	0.717	0.699
150.366	0.717	0.699
150.366	0.717	0.699
150.292	0.717	0.701
150.293	0.717	0.701
150.172	0.717	0.702
150.306	0.717	0.702
150.172	0.717	0.702
150.172	0.717	0.702
150.163	0.717	0.702
148.787	0.609	0.611
148.787	0.609	0.611
148.767	0.609	0.611
148.705	0.608	0.611
148.705	0.608	0.610
148.705	0.608	0.610
148.705	0.608	0.610
148.705	0.608	0.610
148.856	0.608	0.610
148.705	0.608	0.610
148.705	0.608	0.610
148.698	0.608	0.610
148.698	0.608	0.610
148.677	0.608	0.610
148.685	0.608	0.610
148.672	0.608	0.610
148.591	0.608	0.610
157.829	0.608	0.610
148.652	0.608	0.610
148.589	0.608	0.610
148.589	0.608	0.610
148.589	0.608	0.610
148.589	0.608	0.610
148.589	0.608	0.610
148.589	0.608	0.610
148.645	0.608	0.610
148.586	0.608	0.610
148.586	0.608	0.610
148.531	0.608	0.610
148.544	0.608	0.610
148.531	0.608	0.610
148.514	0.608	0.610
148.514	0.608	0.610
148.480	0.608	0.610
148.480	0.608	0.610
148.481	0.608	0.610
148.480	0.608	0.610
148.528	0.608	0.610
148.486	0.608	0.610
148.481	0.608	0.610
148.485	0.608	0.610
148.462	0.608	0.610
148.543	0.608	0.610
148.462	0.608	0.610
148.462	0.608	0.610
148.462	0.608	0.610
148.461	0.608	0.610
148.545	0.608	0.610
148.445	0.608	0.610
148.445	0.608	0.610
148.445	0.608	0.610
148.445	0.608	0.610
148.445	0.608	0.610
148.446	0.608	0.610
149.792	0.608	0.610
148.445	0.608	0.610
148.445	0.608	0.610
148.445	0.608	0.610
148.315	0.608	0.611
148.317	0.608	0.611
148.149	0.609	0.611
148.149	0.609	0.611
148.165	0.609	0.611
148.149	0.609	0.611
148.705	0.609	0.611
148.149	0.609	0.611
148.143	0.609	0.611
148.143	0.609	0.611
148.144	0.609	0.611
148.161	0.609	0.611
148.161	0.609	0.611
148.081	0.609	0.611
148.040	0.610	0.611
148.036	0.610	0.611
148.034	0.610	0.611
148.035	0.610	0.611
148.034	0.610	0.611
148.033	0.610	0.611
146.260	0.639	0.646
146.288	0.639	0.646
146.261	0.639	0.646
146.221	0.639	0.646
146.984	0.639	0.646
146.220	0.639	0.646
146.274	0.639	0.646
145.831	0.640	0.646
145.831	0.640	0.646
145.831	0.640	0.646
145.831	0.640	0.646
145.826	0.640	0.646
145.826	0.640	0.646
146.116	0.640	0.646
145.741	0.640	0.646
145.843	0.640	0.646
146.027	0.640	0.646
145.741	0.640	0.646
145.850	0.640	0.646
145.746	0.640	0.646
145.741	0.640	0.646
145.994	0.640	0.646
145.741	0.640	0.646
145.741	0.640	0.646
145.722	0.640	0.646
145.722	0.640	0.646
145.709	0.640	0.646
145.709	0.640	0.646
145.709	0.640	0.646
145.710	0.640	0.646
145.719	0.640	0.646
145.709	0.640	0.646
146.597	0.640	0.646
145.709	0.640	0.646
145.709	0.640	0.646
146.138	0.640	0.646
145.710	0.640	0.646
145.714	0.640	0.646
145.681	0.640	0.646
145.681	0.640	0.646
145.759	0.640	0.646
145.613	0.640	0.646
145.613	0.640	0.646
145.613	0.640	0.646
145.613	0.640	0.646
145.655	0.640	0.646
145.613	0.640	0.646
145.621	0.640	0.646
145.771	0.640	0.646
145.572	0.640	0.646
145.560	0.640	0.646
145.555	0.640	0.646
145.520	0.640	0.647
145.519	0.640	0.647
145.519	0.640	0.647
145.518	0.640	0.647
145.518	0.640	0.647
145.660	0.640	0.647
145.519	0.640	0.647
145.517	0.640	0.647
145.517	0.640	0.647
145.517	0.640	0.647
145.519	0.640	0.647
145.503	0.640	0.647
145.502	0.640	0.647
145.502	0.640	0.647
145.502	0.640	0.647
145.502	0.640	0.647
145.502	0.640	0.647
145.505	0.640	0.647
145.502	0.640	0.647
145.502	0.640	0.647
145.502	0.640	0.647
145.523	0.640	0.647
145.502	0.640	0.647
145.478	0.641	0.647
145.273	0.641	0.648
145.272	0.641	0.648
145.262	0.641	0.648
145.262	0.641	0.648
145.261	0.641	0.648
145.262	0.641	0.648
145.266	0.641	0.648
145.261	0.641	0.648
145.422	0.641	0.648
145.669	0.641	0.648
145.261	0.641	0.648
145.278	0.641	0.648
145.261	0.641	0.648
145.261	0.641	0.648
145.261	0.641	0.648
145.315	0.641	0.648
145.261	0.641	0.648
145.261	0.641	0.648
144.799	0.642	0.649
144.769	0.642	0.649
145.116	0.642	0.649
144.766	0.642	0.649
144.767	0.642	0.649
144.766	0.642	0.649
144.865	0.642	0.649
144.851	0.642	0.649
144.716	0.642	0.649
144.520	0.642	0.649
144.645	0.642	0.649
144.502	0.642	0.649
144.502	0.642	0.649
144.502	0.642	0.649
144.485	0.642	0.649
144.485	0.642	0.649
144.408	0.642	0.649
144.408	0.642	0.649
144.143	0.642	0.649
144.143	0.642	0.649
144.143	0.642	0.649
144.149	0.642	0.649
144.121	0.642	0.649
144.121	0.642	0.649
143.254	0.642	0.649
143.254	0.642	0.649
143.254	0.642	0.649
143.250	0.642	0.649
142.944	0.642	0.650
142.841	0.642	0.650
143.201	0.642	0.650
142.844	0.642	0.650
142.673	0.642	0.650
142.989	0.642	0.650
142.673	0.642	0.650
142.673	0.642	0.650
142.686	0.642	0.650
142.665	0.643	0.650
142.665	0.643	0.650
142.422	0.644	0.654
142.420	0.644	0.654
142.451	0.644	0.654
142.420	0.644	0.654
142.516	0.644	0.654
142.337	0.643	0.654
142.424	0.643	0.654
142.337	0.643	0.654
142.337	0.643	0.654
142.706	0.643	0.654
143.167	0.643	0.654
142.356	0.643	0.654
142.181	0.643	0.654
146.195	0.643	0.654
142.181	0.643	0.654
142.181	0.643	0.654
142.181	0.643	0.654
142.192	0.643	0.654
142.181	0.643	0.654
142.182	0.643	0.654
142.186	0.643	0.654
142.205	0.643	0.654
142.187	0.643	0.654
142.197	0.643	0.654
150.684	0.643	0.654
142.351	0.643	0.654
142.181	0.643	0.654
142.181	0.643	0.654
142.181	0.643	0.654
142.181	0.643	0.654
142.181	0.643	0.654
142.181	0.643	0.654
142.129	0.644	0.654
142.130	0.644	0.654
142.127	0.644	0.654
142.127	0.644	0.654
142.127	0.644	0.654
142.127	0.644	0.654
142.132	0.644	0.654
142.127	0.644	0.654
141.641	0.645	0.655
141.640	0.645	0.655
141.640	0.645	0.655
142.073	0.645	0.655
141.693	0.645	0.655
141.637	0.645	0.655
141.638	0.645	0.655
141.614	0.646	0.655
141.614	0.646	0.655
141.614	0.646	0.655
141.614	0.646	0.655
141.615	0.646	0.655
141.833	0.646	0.655
141.614	0.646	0.655
141.613	0.646	0.655
141.751	0.646	0.655
141.613	0.646	0.655
141.613	0.646	0.655
141.581	0.646	0.655
141.581	0.646	0.655
141.412	0.646	0.655
141.344	0.646	0.655
141.344	0.646	0.655
141.352	0.646	0.655
141.469	0.646	0.655
141.344	0.646	0.655
141.344	0.646	0.655
141.359	0.646	0.655
141.344	0.646	0.655
141.345	0.646	0.655
141.344	0.646	0.655
141.352	0.646	0.655
141.286	0.647	0.655
141.273	0.647	0.655
141.273	0.647	0.655
141.273	0.647	0.655
141.254	0.647	0.655
145.905	0.647	0.655
141.270	0.647	0.655
141.259	0.647	0.655
141.254	0.647	0.655
141.253	0.647	0.655
141.374	0.647	0.655
141.246	0.646	0.655
141.195	0.646	0.655
141.195	0.646	0.655
141.087	0.646	0.655
141.087	0.646	0.655
141.128	0.646	0.655
141.088	0.646	0.655
141.131	0.646	0.655
141.087	0.646	0.655
141.015	0.646	0.655
141.015	0.646	0.655
141.015	0.646	0.655
141.016	0.646	0.655
141.015	0.646	0.655
141.015	0.646	0.655
141.015	0.646	0.655
141.609	0.646	0.655
141.015	0.646	0.655
141.008	0.646	0.655
141.174	0.646	0.655
141.010	0.646	0.655
141.008	0.646	0.655
140.913	0.646	0.655
140.913	0.646	0.655
140.856	0.646	0.656
140.856	0.646	0.656
140.856	0.646	0.656
140.856	0.646	0.656
140.840	0.646	0.656
140.839	0.646	0.656
140.839	0.646	0.656
140.838	0.646	0.656
140.840	0.646	0.656
140.844	0.646	0.656
140.836	0.646	0.656
143.327	0.646	0.656
140.819	0.646	0.656
140.805	0.646	0.656
140.387	0.646	0.656
140.387	0.646	0.656
140.387	0.646	0.656
140.451	0.646	0.656
140.387	0.646	0.656
140.356	0.646	0.656
140.356	0.646	0.656
140.453	0.646	0.656
140.498	0.646	0.656
140.355	0.646	0.656
140.355	0.646	0.656
140.288	0.646	0.656
140.288	0.646	0.656
140.288	0.646	0.656
140.276	0.646	0.656
140.276	0.646	0.656
140.344	0.646	0.656
140.274	0.646	0.656
140.274	0.646	0.656
140.320	0.646	0.656
140.275	0.646	0.656
140.274	0.646	0.656
140.272	0.646	0.656
140.272	0.646	0.656
140.272	0.646	0.656
140.274	0.646	0.656
140.160	0.648	0.657
140.171	0.648	0.657
140.159	0.648	0.657
140.139	0.648	0.657
140.183	0.648	0.657
140.197	0.648	0.657
140.139	0.648	0.657
140.140	0.648	0.657
140.131	0.648	0.657
140.131	0.648	0.657
140.131	0.648	0.657
140.467	0.648	0.657
140.131	0.648	0.657
140.775	0.648	0.657
140.166	0.648	0.657
140.132	0.648	0.657
140.129	0.648	0.657
139.996	0.648	0.657
139.997	0.648	0.657
139.988	0.648	0.657
140.195	0.648	0.657
139.988	0.648	0.657
139.988	0.648	0.657
139.917	0.648	0.657
152.307	0.648	0.657
139.917	0.648	0.657
139.917	0.648	0.657
139.916	0.648	0.657
140.422	0.648	0.657
139.921	0.648	0.657
139.916	0.648	0.657
139.854	0.648	0.658
139.566	0.649	0.658
139.570	0.649	0.658
139.566	0.649	0.658
139.810	0.649	0.658
139.569	0.649	0.658
139.567	0.649	0.658
139.541	0.649	0.658
139.541	0.649	0.658
139.011	0.649	0.656
139.017	0.649	0.656
139.011	0.649	0.656
138.989	0.649	0.656
138.989	0.649	0.656
138.989	0.649	0.656
138.989	0.649	0.656
138.989	0.649	0.656
138.989	0.649	0.656
138.989	0.649	0.656
138.989	0.649	0.656
138.989	0.649	0.656
138.989	0.649	0.656
138.909	0.649	0.656
138.909	0.649	0.656
138.909	0.649	0.656
138.914	0.649	0.656
138.896	0.649	0.656
138.912	0.649	0.656
138.896	0.649	0.656
138.890	0.649	0.656
138.881	0.649	0.656
138.881	0.649	0.656
138.881	0.649	0.656
138.850	0.649	0.656
138.855	0.649	0.656
138.850	0.649	0.656
138.850	0.649	0.656
138.851	0.649	0.656
138.850	0.649	0.656
138.949	0.649	0.656
138.850	0.649	0.656
138.850	0.649	0.656
138.850	0.649	0.656
138.850	0.649	0.656
139.010	0.649	0.656
138.850	0.649	0.656
138.850	0.649	0.656
138.849	0.649	0.656
138.849	0.649	0.656
138.849	0.649	0.656
138.846	0.649	0.656
138.873	0.649	0.656
138.846	0.649	0.656
138.847	0.649	0.656
138.857	0.649	0.656
139.034	0.649	0.656
138.693	0.649	0.657
138.597	0.650	0.657
138.599	0.650	0.657
138.625	0.650	0.657
138.631	0.650	0.657
138.289	0.651	0.657
138.368	0.651	0.657
138.287	0.651	0.657
138.260	0.651	0.657
138.315	0.651	0.657
138.260	0.651	0.657
138.555	0.651	0.657
138.062	0.651	0.658
138.062	0.651	0.658
138.062	0.651	0.658
138.060	0.651	0.658
138.065	0.651	0.658
138.067	0.651	0.658
138.060	0.651	0.658
138.060	0.651	0.658
138.060	0.651	0.658
137.549	0.651	0.660
137.549	0.651	0.660
137.544	0.651	0.660
137.544	0.651	0.660
147.926	0.651	0.660
137.522	0.651	0.660
137.525	0.651	0.660
137.565	0.651	0.660
137.442	0.652	0.660
137.441	0.652	0.660
137.375	0.652	0.660
137.374	0.652	0.660
137.374	0.652	0.660
137.624	0.652	0.660
137.368	0.652	0.661
137.368	0.652	0.661
137.402	0.652	0.661
137.368	0.652	0.661

Error results for SA
---------------------------
175.183	0.585	0.609
175.187	0.585	0.609
175.184	0.585	0.609
175.184	0.585	0.609
175.184	0.585	0.609
175.184	0.585	0.609
175.184	0.585	0.609
189.328	0.583	0.609
189.328	0.583	0.609
214.466	0.583	0.610
214.448	0.583	0.610
214.448	0.583	0.610
214.490	0.583	0.610
214.675	0.583	0.610
214.675	0.583	0.610
214.688	0.583	0.610
214.688	0.583	0.610
214.688	0.583	0.610
214.688	0.583	0.610
214.688	0.583	0.610
214.689	0.583	0.610
214.644	0.583	0.610
214.631	0.583	0.610
214.619	0.583	0.610
214.612	0.583	0.610
214.612	0.583	0.610
214.609	0.583	0.610
214.626	0.583	0.609
214.626	0.583	0.609
214.626	0.583	0.609
214.625	0.583	0.609
214.625	0.583	0.609
214.754	0.583	0.609
214.754	0.583	0.609
214.756	0.583	0.609
214.756	0.583	0.609
214.757	0.583	0.609
214.759	0.583	0.609
229.311	0.582	0.609
229.311	0.582	0.609
229.279	0.582	0.609
229.279	0.582	0.609
229.265	0.582	0.609
229.265	0.582	0.609
229.265	0.582	0.609
229.265	0.582	0.609
229.570	0.582	0.609
229.572	0.582	0.609
229.572	0.582	0.609
229.572	0.582	0.609
229.576	0.582	0.609
229.576	0.582	0.609
229.576	0.582	0.609
229.574	0.582	0.609
229.574	0.582	0.609
229.574	0.582	0.609
229.553	0.582	0.609
229.553	0.582	0.609
229.531	0.582	0.609
229.531	0.582	0.609
229.531	0.582	0.609
229.531	0.582	0.609
229.697	0.582	0.609
229.695	0.582	0.609
229.695	0.582	0.609
229.690	0.582	0.609
229.689	0.582	0.609
229.687	0.582	0.609
229.687	0.582	0.609
229.687	0.582	0.609
229.711	0.582	0.609
229.711	0.582	0.609
229.799	0.582	0.608
229.799	0.582	0.608
229.799	0.582	0.608
229.799	0.582	0.608
243.599	0.580	0.608
243.600	0.580	0.608
243.595	0.580	0.608
243.595	0.580	0.608
243.595	0.580	0.608
243.595	0.580	0.608
243.595	0.580	0.608
243.630	0.580	0.608
243.630	0.580	0.608
243.630	0.580	0.608
243.634	0.580	0.608
243.634	0.580	0.608
243.634	0.580	0.608
243.634	0.580	0.608
243.579	0.580	0.608
243.579	0.580	0.608
243.579	0.580	0.608
243.575	0.580	0.608
243.567	0.580	0.608
243.567	0.580	0.608
243.567	0.580	0.608
243.567	0.580	0.608
243.567	0.580	0.608
243.567	0.580	0.608
243.566	0.580	0.608
243.598	0.580	0.608
243.596	0.580	0.608
243.585	0.580	0.608
243.581	0.580	0.608
243.591	0.580	0.608
243.510	0.580	0.608
243.510	0.580	0.608
243.510	0.580	0.608
243.510	0.580	0.608
243.512	0.580	0.608
243.512	0.580	0.608
243.479	0.580	0.609
243.742	0.580	0.609
243.742	0.580	0.609
243.707	0.580	0.609
243.714	0.580	0.609
243.715	0.580	0.609
243.715	0.580	0.609
243.715	0.580	0.609
243.715	0.580	0.609
243.514	0.580	0.609
243.513	0.580	0.609
243.590	0.580	0.609
243.556	0.580	0.609
243.556	0.580	0.609
243.482	0.580	0.608
243.478	0.580	0.608
243.478	0.580	0.608
243.478	0.580	0.608
243.479	0.580	0.608
243.479	0.580	0.608
243.479	0.580	0.608
243.478	0.580	0.608
243.478	0.580	0.608
243.558	0.580	0.608
243.536	0.580	0.608
243.498	0.580	0.608
243.498	0.580	0.608
243.497	0.580	0.608
243.489	0.580	0.608
243.489	0.580	0.608
243.489	0.580	0.608
243.488	0.580	0.608
243.488	0.580	0.608
243.502	0.580	0.608
243.525	0.580	0.608
243.525	0.580	0.608
243.525	0.580	0.608
243.525	0.580	0.608
243.531	0.580	0.608
243.529	0.580	0.608
243.529	0.580	0.608
243.550	0.580	0.608
243.545	0.580	0.608
243.545	0.580	0.608
242.140	0.580	0.609
242.138	0.580	0.609
255.090	0.582	0.608
255.968	0.581	0.608
256.111	0.581	0.608
256.137	0.581	0.608
256.137	0.581	0.608
256.137	0.581	0.608
256.137	0.581	0.608
256.137	0.581	0.608
256.137	0.581	0.608
256.137	0.581	0.608
256.137	0.581	0.608
256.137	0.581	0.608
256.137	0.581	0.608
256.137	0.581	0.608
256.137	0.581	0.608
256.140	0.581	0.608
256.140	0.581	0.608
256.140	0.581	0.608
256.140	0.581	0.608
256.625	0.581	0.608
256.624	0.581	0.608
256.624	0.581	0.608
256.624	0.581	0.608
256.575	0.581	0.608
256.575	0.581	0.608
256.575	0.581	0.608
256.571	0.581	0.608
256.574	0.581	0.608
256.576	0.581	0.608
256.575	0.581	0.608
256.575	0.581	0.608
256.574	0.581	0.608
256.605	0.581	0.608
256.605	0.581	0.608
256.605	0.581	0.608
256.605	0.581	0.608
256.605	0.581	0.608
256.605	0.581	0.608
256.605	0.581	0.608
256.605	0.581	0.608
254.615	0.581	0.608
254.565	0.581	0.608
254.563	0.581	0.608
254.563	0.581	0.608
254.562	0.581	0.608
254.563	0.581	0.608
254.563	0.581	0.608
254.563	0.581	0.608
254.563	0.581	0.608
255.946	0.581	0.609
255.946	0.581	0.609
255.841	0.582	0.609
255.972	0.581	0.609
255.972	0.581	0.609
255.975	0.581	0.609
255.976	0.581	0.609
255.976	0.581	0.609
255.976	0.581	0.609
255.976	0.581	0.609
255.989	0.581	0.609
255.806	0.583	0.609
255.796	0.583	0.609
255.796	0.583	0.609
255.796	0.583	0.609
255.793	0.583	0.609
255.796	0.583	0.609
255.796	0.583	0.609
255.796	0.583	0.609
255.774	0.583	0.609
255.774	0.583	0.609
255.774	0.583	0.609
263.004	0.583	0.610
263.030	0.583	0.610
263.031	0.583	0.610
263.034	0.583	0.610
263.559	0.580	0.608
263.545	0.580	0.608
263.545	0.580	0.608
263.545	0.580	0.608
263.366	0.581	0.609
263.366	0.581	0.609
263.365	0.581	0.609
263.365	0.581	0.609
263.363	0.581	0.609
263.369	0.581	0.609
263.368	0.581	0.609
263.368	0.581	0.609
263.368	0.581	0.609
263.368	0.581	0.609
263.341	0.581	0.609
263.341	0.581	0.609
263.343	0.581	0.609
263.342	0.581	0.609
263.355	0.581	0.609
263.357	0.581	0.609
263.357	0.581	0.609
263.357	0.581	0.609
263.357	0.581	0.609
263.444	0.581	0.609
263.443	0.581	0.609
263.433	0.581	0.609
263.472	0.581	0.609
263.576	0.581	0.609
263.576	0.581	0.609
263.581	0.581	0.609
263.581	0.581	0.609
262.269	0.584	0.610
261.957	0.584	0.611
261.958	0.584	0.611
261.962	0.584	0.611
261.962	0.584	0.611
261.962	0.584	0.611
261.960	0.584	0.611
261.960	0.584	0.611
261.961	0.584	0.611
261.964	0.584	0.611
261.964	0.584	0.611
261.965	0.584	0.611
261.959	0.584	0.611
257.147	0.582	0.609
257.157	0.582	0.609
242.564	0.584	0.611
242.612	0.584	0.611
242.582	0.584	0.611
242.577	0.584	0.611
242.466	0.584	0.611
242.466	0.584	0.611
242.466	0.584	0.611
242.466	0.584	0.611
242.466	0.584	0.611
242.467	0.584	0.611
242.450	0.584	0.611
242.449	0.584	0.611
242.450	0.584	0.611
242.450	0.584	0.611
242.450	0.584	0.611
242.462	0.584	0.611
242.462	0.584	0.611
242.462	0.584	0.611
242.464	0.584	0.611
242.464	0.584	0.611
242.471	0.584	0.611
256.654	0.588	0.613
256.654	0.588	0.613
256.978	0.588	0.613
256.978	0.588	0.613
256.988	0.588	0.613
256.988	0.588	0.613
256.950	0.588	0.613
256.950	0.588	0.613
256.950	0.588	0.613
256.950	0.588	0.613
256.950	0.588	0.613
247.158	0.587	0.612
247.155	0.587	0.612
247.155	0.587	0.612
247.155	0.587	0.612
247.161	0.587	0.612
247.161	0.587	0.612
247.161	0.587	0.612
247.106	0.587	0.612
247.106	0.587	0.612
247.058	0.587	0.612
247.070	0.587	0.612
247.070	0.587	0.612
247.070	0.587	0.612
247.070	0.587	0.612
247.070	0.587	0.612
247.070	0.587	0.612
247.070	0.587	0.612
247.070	0.587	0.612
247.054	0.587	0.612
247.054	0.587	0.612
247.062	0.587	0.612
247.063	0.587	0.612
247.002	0.587	0.612
247.006	0.587	0.612
247.006	0.587	0.612
246.879	0.587	0.613
246.879	0.587	0.613
246.879	0.587	0.613
246.879	0.587	0.613
246.878	0.587	0.613
246.876	0.587	0.613
246.868	0.587	0.613
246.868	0.587	0.613
246.933	0.587	0.613
246.933	0.587	0.613
246.933	0.587	0.613
246.933	0.587	0.613
246.933	0.587	0.613
246.933	0.587	0.613
246.943	0.587	0.613
246.946	0.587	0.613
246.945	0.587	0.613
246.945	0.587	0.612
246.922	0.587	0.612
246.927	0.587	0.612
246.927	0.587	0.612
246.927	0.587	0.612
246.927	0.587	0.612
246.927	0.587	0.612
246.927	0.587	0.612
246.927	0.587	0.612
246.913	0.587	0.612
246.913	0.587	0.612
246.870	0.587	0.612
246.872	0.587	0.612
246.872	0.587	0.612
246.872	0.587	0.612
246.872	0.587	0.612
246.872	0.587	0.612
246.883	0.587	0.612
246.881	0.587	0.612
246.866	0.587	0.612
246.866	0.587	0.612
246.866	0.587	0.612
246.868	0.587	0.612
246.868	0.587	0.612
246.868	0.587	0.612
246.868	0.587	0.612
246.868	0.587	0.612
246.868	0.587	0.612
246.685	0.587	0.612
246.685	0.587	0.612
246.685	0.587	0.612
246.694	0.587	0.612
246.694	0.587	0.612
246.694	0.587	0.612
246.694	0.587	0.612
246.672	0.587	0.612
246.610	0.587	0.612
246.610	0.587	0.612
246.613	0.587	0.612
246.634	0.587	0.612
246.634	0.587	0.612
246.634	0.587	0.612
246.639	0.587	0.612
246.649	0.587	0.612
246.649	0.587	0.612
246.647	0.587	0.612
246.647	0.587	0.612
246.647	0.587	0.612
246.642	0.587	0.612
246.642	0.587	0.612
246.642	0.587	0.612
246.642	0.587	0.612
246.531	0.587	0.612
246.531	0.587	0.612
246.531	0.587	0.612
246.531	0.587	0.612
246.498	0.587	0.612
246.498	0.587	0.612
246.498	0.587	0.612
246.498	0.587	0.612
246.498	0.587	0.612
246.506	0.587	0.612
246.506	0.587	0.612
246.506	0.587	0.612
246.515	0.587	0.612
246.515	0.587	0.612
246.525	0.587	0.612
246.525	0.587	0.612
243.309	0.587	0.613
243.329	0.587	0.613
243.329	0.587	0.613
243.323	0.587	0.613
243.323	0.587	0.613
243.324	0.587	0.613
243.324	0.587	0.613
243.292	0.587	0.612
243.292	0.587	0.612
243.292	0.587	0.612
243.292	0.587	0.612
243.261	0.587	0.613
243.238	0.587	0.613
243.238	0.587	0.613
243.245	0.587	0.613
243.247	0.587	0.613
243.210	0.587	0.613
243.210	0.587	0.613
243.206	0.587	0.613
243.210	0.587	0.613
243.210	0.587	0.613
243.210	0.587	0.613
243.225	0.587	0.613
243.225	0.587	0.613
243.222	0.587	0.613
243.222	0.587	0.613
243.230	0.587	0.613
243.130	0.587	0.613
243.132	0.587	0.613
243.108	0.587	0.613
243.108	0.587	0.613
243.108	0.587	0.613
243.118	0.587	0.613
243.118	0.587	0.613
243.114	0.587	0.613
243.115	0.587	0.613
243.113	0.587	0.613
243.112	0.587	0.613
243.112	0.587	0.613
243.112	0.587	0.613
243.112	0.587	0.613
243.112	0.587	0.613
243.112	0.587	0.613
243.112	0.587	0.613
243.080	0.587	0.613
243.080	0.587	0.613
243.081	0.587	0.613
243.081	0.587	0.613
243.081	0.587	0.613
248.466	0.587	0.613
248.466	0.587	0.613
248.466	0.587	0.613
248.466	0.587	0.613
248.466	0.587	0.613
248.463	0.587	0.613
248.505	0.587	0.613
248.506	0.587	0.613
248.506	0.587	0.613
248.513	0.587	0.613
248.513	0.587	0.613
248.510	0.587	0.613
248.511	0.587	0.613
248.511	0.587	0.613
248.541	0.587	0.613
248.541	0.587	0.613
248.667	0.587	0.613
248.667	0.587	0.613
248.697	0.587	0.613
248.662	0.587	0.613
248.657	0.587	0.613
248.660	0.587	0.613
248.660	0.587	0.613
248.658	0.587	0.613
248.659	0.587	0.613
248.659	0.587	0.613
248.659	0.587	0.613
248.659	0.587	0.613
248.658	0.587	0.613
248.666	0.587	0.613
248.533	0.588	0.613
248.533	0.588	0.613
248.533	0.588	0.613
248.533	0.588	0.613
248.533	0.588	0.613
248.529	0.588	0.613
248.529	0.588	0.613
248.529	0.588	0.613
248.576	0.588	0.613
248.576	0.588	0.613
248.576	0.588	0.613
248.575	0.588	0.613
248.575	0.588	0.613
248.577	0.588	0.613
248.577	0.588	0.613
248.577	0.588	0.613
248.578	0.588	0.613
248.567	0.588	0.613
248.567	0.588	0.613
248.567	0.588	0.613
248.575	0.588	0.613
248.934	0.587	0.613
248.903	0.587	0.613
248.903	0.587	0.613
248.911	0.587	0.613
248.911	0.587	0.613
248.911	0.587	0.613
248.904	0.587	0.613
248.902	0.587	0.613
248.876	0.587	0.613
248.883	0.587	0.613
248.880	0.587	0.613
248.878	0.587	0.613
248.878	0.587	0.613
248.878	0.587	0.613
248.879	0.587	0.613
248.879	0.587	0.613
248.879	0.587	0.613
248.879	0.587	0.613
248.879	0.587	0.613
248.879	0.587	0.613
248.879	0.587	0.613
248.879	0.587	0.613
248.876	0.587	0.613
248.934	0.587	0.613
248.935	0.587	0.613
248.937	0.587	0.613
248.937	0.587	0.613
248.937	0.587	0.613
248.952	0.587	0.613
248.956	0.587	0.613
248.956	0.587	0.613
248.956	0.587	0.613
243.629	0.587	0.613
243.643	0.587	0.613
243.643	0.587	0.613
243.642	0.587	0.613
243.641	0.587	0.613
243.641	0.587	0.613
243.641	0.587	0.613
243.648	0.587	0.613
243.646	0.587	0.613
243.646	0.587	0.613
246.705	0.588	0.613
246.705	0.588	0.613
246.705	0.588	0.613
246.702	0.588	0.613
246.701	0.588	0.613
246.701	0.588	0.612
246.701	0.588	0.612
246.698	0.588	0.612
246.698	0.588	0.612
246.698	0.588	0.612
246.700	0.588	0.612
246.700	0.588	0.612
246.700	0.588	0.612
246.700	0.588	0.612
246.752	0.587	0.612
246.747	0.587	0.612
246.747	0.587	0.612
246.751	0.587	0.612
244.686	0.587	0.612
244.597	0.587	0.612
235.122	0.586	0.613
235.123	0.586	0.613
235.112	0.586	0.613
234.994	0.586	0.613
234.993	0.586	0.613
234.993	0.586	0.613
234.993	0.586	0.613
235.313	0.586	0.613
235.313	0.586	0.613
235.313	0.586	0.613
235.320	0.586	0.613
235.322	0.586	0.613
235.322	0.586	0.613
235.322	0.586	0.613
235.322	0.586	0.613
235.322	0.586	0.613
235.309	0.586	0.613
235.245	0.586	0.613
235.199	0.586	0.613
235.198	0.586	0.614
235.201	0.586	0.614
235.201	0.586	0.614
235.201	0.586	0.614
235.201	0.586	0.614
235.223	0.586	0.614
235.223	0.586	0.613
235.223	0.586	0.613
235.314	0.586	0.613
235.312	0.586	0.613
235.312	0.586	0.613
235.312	0.586	0.613
235.312	0.586	0.613
235.312	0.586	0.613
235.312	0.586	0.613
235.312	0.586	0.613
235.313	0.586	0.613
235.180	0.587	0.613
235.183	0.587	0.613
235.184	0.587	0.613
235.179	0.587	0.613
235.181	0.587	0.613
250.360	0.586	0.611
250.360	0.586	0.611
250.360	0.586	0.611
250.360	0.586	0.611
250.359	0.586	0.611
250.359	0.586	0.611
250.359	0.586	0.611
250.359	0.586	0.611
250.359	0.586	0.611
250.362	0.586	0.611
253.850	0.585	0.611
253.386	0.586	0.611
253.385	0.586	0.611
260.886	0.586	0.612
260.886	0.586	0.612
260.886	0.586	0.612
260.887	0.586	0.612
265.971	0.585	0.611
265.970	0.585	0.611
265.970	0.585	0.611
270.976	0.584	0.613
270.976	0.584	0.613
270.975	0.584	0.613
270.975	0.584	0.613
270.975	0.584	0.613
270.977	0.584	0.613
270.977	0.584	0.613
270.977	0.584	0.613
270.977	0.584	0.613
270.977	0.584	0.613
270.977	0.584	0.613
271.001	0.584	0.613
271.001	0.584	0.613
270.981	0.584	0.613
270.837	0.584	0.613
270.894	0.584	0.613
270.893	0.584	0.613
270.893	0.584	0.613
270.893	0.584	0.613
270.894	0.584	0.613
270.891	0.584	0.613
270.891	0.584	0.613
270.797	0.584	0.613
270.813	0.584	0.613
270.813	0.584	0.613
270.813	0.584	0.613
270.813	0.584	0.613
270.822	0.584	0.613
270.822	0.584	0.613
270.824	0.584	0.613
270.824	0.584	0.613
270.827	0.584	0.613
270.827	0.584	0.613
270.827	0.584	0.613
270.827	0.584	0.613
270.828	0.584	0.613
270.828	0.584	0.613
270.827	0.584	0.613
270.827	0.584	0.613
270.809	0.585	0.613
271.911	0.586	0.613
271.921	0.586	0.613
271.921	0.586	0.613
271.921	0.586	0.613
271.921	0.586	0.613
271.921	0.586	0.613
271.922	0.586	0.613
271.922	0.586	0.613
271.922	0.586	0.613
271.922	0.586	0.613
271.918	0.586	0.613
271.918	0.586	0.613
271.918	0.586	0.613
267.208	0.584	0.612
267.208	0.584	0.612
267.208	0.584	0.612
267.209	0.584	0.612
267.209	0.584	0.612
267.209	0.584	0.612
267.209	0.584	0.612
267.209	0.584	0.612
267.188	0.584	0.612
267.188	0.584	0.612
267.177	0.584	0.612
267.177	0.584	0.612
267.177	0.584	0.612
267.177	0.584	0.612
267.178	0.584	0.612
267.173	0.584	0.612
267.152	0.584	0.612
267.152	0.584	0.612
264.156	0.583	0.612
264.156	0.583	0.612
264.016	0.583	0.612
264.008	0.583	0.612
264.030	0.583	0.612
264.030	0.583	0.612
264.030	0.583	0.612
264.030	0.583	0.612
263.939	0.583	0.612
263.926	0.583	0.612
263.926	0.583	0.612
263.926	0.583	0.612
263.926	0.583	0.612
263.926	0.583	0.612
263.943	0.583	0.611
263.943	0.583	0.611
263.892	0.584	0.612
264.134	0.584	0.612
264.039	0.584	0.612
264.039	0.584	0.612
264.039	0.584	0.612
264.041	0.584	0.612
264.037	0.584	0.612
264.037	0.584	0.612
264.037	0.584	0.612
264.037	0.584	0.612
264.033	0.584	0.612
264.179	0.584	0.612
264.030	0.584	0.612
264.030	0.584	0.612
264.030	0.584	0.612
264.099	0.584	0.612
264.112	0.584	0.612
264.143	0.584	0.612
261.133	0.579	0.605
261.163	0.579	0.605
261.163	0.579	0.605
261.163	0.579	0.605
261.163	0.579	0.605
261.160	0.579	0.605
261.227	0.578	0.605
261.257	0.578	0.605
261.249	0.578	0.605
261.246	0.578	0.605
261.244	0.578	0.605
261.244	0.578	0.605
261.244	0.578	0.605
262.215	0.578	0.605
261.244	0.578	0.605
261.242	0.578	0.605
261.257	0.578	0.605
261.257	0.578	0.605
261.257	0.578	0.605
261.448	0.578	0.605
261.270	0.578	0.605
261.257	0.578	0.605
261.257	0.578	0.605
261.257	0.578	0.605
261.257	0.578	0.605
261.257	0.578	0.605
261.258	0.578	0.605
261.249	0.578	0.605
261.249	0.578	0.605
261.246	0.578	0.605
261.246	0.578	0.605
261.246	0.578	0.605
261.250	0.578	0.605
261.250	0.578	0.605
261.243	0.578	0.605
261.243	0.578	0.605
261.243	0.578	0.605
261.249	0.578	0.605
261.249	0.578	0.605
261.249	0.578	0.605
261.249	0.578	0.605
261.247	0.578	0.605
261.262	0.578	0.605
261.262	0.578	0.605
261.262	0.578	0.605
261.260	0.578	0.605
261.260	0.578	0.605
261.260	0.578	0.605
251.362	0.577	0.604
251.406	0.577	0.604
251.362	0.577	0.604
251.364	0.577	0.604
251.364	0.577	0.604
251.348	0.577	0.604
251.348	0.577	0.604
251.348	0.577	0.604
251.458	0.577	0.604
251.348	0.577	0.604
251.343	0.577	0.603
251.343	0.577	0.603
251.345	0.577	0.603
251.345	0.577	0.603
251.345	0.577	0.603
251.345	0.577	0.603
251.345	0.577	0.603
251.339	0.578	0.603
251.339	0.578	0.603
251.327	0.578	0.603
251.327	0.578	0.603
251.327	0.578	0.603
251.333	0.578	0.603
251.332	0.578	0.603
251.324	0.578	0.603
251.334	0.578	0.603
251.322	0.578	0.603
251.322	0.578	0.603
251.322	0.578	0.603
251.322	0.578	0.603
251.330	0.578	0.603
251.322	0.578	0.603
251.322	0.578	0.603
251.187	0.578	0.603
251.019	0.578	0.603
251.019	0.578	0.603
251.028	0.578	0.603
250.982	0.578	0.604
251.015	0.578	0.604
250.981	0.578	0.604
250.993	0.578	0.604
250.982	0.578	0.604
250.981	0.578	0.604
250.981	0.578	0.604
250.981	0.578	0.604
251.007	0.578	0.604
250.987	0.578	0.604
250.980	0.578	0.604
250.980	0.578	0.604
250.980	0.578	0.604
251.006	0.578	0.604
250.980	0.578	0.604
250.979	0.578	0.604
250.979	0.578	0.604
251.407	0.578	0.604
250.973	0.578	0.604
250.973	0.578	0.604
250.973	0.578	0.604
250.973	0.578	0.604
250.973	0.578	0.604
250.879	0.578	0.604
250.879	0.578	0.604
250.879	0.578	0.604
250.879	0.578	0.604
250.879	0.578	0.604
250.870	0.578	0.604
250.870	0.578	0.604
250.870	0.578	0.604
250.870	0.578	0.604
250.870	0.578	0.604
250.870	0.578	0.604
250.870	0.578	0.604
250.870	0.578	0.604
250.870	0.578	0.604
250.839	0.578	0.604
250.854	0.578	0.604
250.839	0.578	0.604
250.839	0.578	0.604
250.840	0.578	0.604
250.839	0.578	0.604
250.858	0.578	0.604
250.839	0.578	0.604
250.839	0.578	0.604
250.839	0.578	0.604
250.879	0.578	0.604
250.839	0.578	0.604
250.838	0.578	0.604
250.838	0.578	0.604
250.823	0.577	0.604
250.830	0.577	0.604
250.824	0.577	0.604
250.760	0.578	0.604
250.760	0.578	0.604
250.760	0.578	0.604
250.761	0.578	0.604
250.760	0.578	0.604
250.793	0.578	0.604
250.760	0.578	0.604
250.943	0.578	0.604
250.760	0.578	0.604
250.554	0.578	0.604
250.551	0.578	0.604
250.551	0.578	0.604
250.487	0.578	0.604
250.485	0.578	0.604
250.578	0.578	0.604
250.485	0.578	0.604
250.485	0.578	0.604
250.532	0.578	0.604
250.531	0.578	0.604
250.485	0.578	0.604
250.486	0.578	0.604
249.908	0.578	0.604
249.908	0.578	0.604
249.908	0.578	0.604
249.908	0.578	0.604
249.908	0.578	0.604
249.908	0.578	0.604
249.922	0.578	0.604
249.908	0.578	0.604
249.907	0.578	0.604
249.832	0.578	0.604
249.831	0.578	0.604
249.836	0.578	0.604
249.893	0.578	0.604
249.831	0.578	0.604
249.827	0.578	0.604
249.827	0.578	0.604
249.828	0.578	0.604
249.827	0.578	0.604
249.827	0.578	0.604
249.815	0.578	0.604
249.815	0.578	0.604
249.560	0.578	0.604
249.560	0.578	0.604
249.559	0.578	0.604
249.559	0.578	0.604
249.474	0.578	0.604
249.474	0.578	0.604
249.474	0.578	0.604
249.474	0.578	0.604
249.474	0.578	0.604
249.474	0.578	0.604
249.474	0.578	0.604
249.859	0.578	0.604
249.471	0.578	0.604
249.471	0.578	0.604
249.471	0.578	0.604
249.471	0.578	0.604
258.942	0.578	0.604
249.471	0.578	0.604
249.466	0.578	0.604
249.466	0.578	0.604
249.466	0.578	0.604
249.465	0.578	0.604
249.465	0.578	0.604
249.465	0.578	0.604
249.465	0.578	0.604
249.465	0.578	0.604
249.465	0.578	0.604
249.465	0.578	0.604
249.465	0.578	0.604
249.465	0.578	0.604
249.465	0.578	0.604
249.465	0.578	0.604
249.465	0.578	0.604
249.465	0.578	0.604
249.465	0.578	0.604
249.465	0.578	0.604
249.444	0.578	0.604
249.444	0.578	0.604
249.448	0.578	0.604
249.444	0.578	0.604
248.685	0.580	0.603
248.685	0.580	0.603
248.685	0.580	0.603
248.685	0.580	0.603
248.697	0.580	0.603
248.348	0.586	0.611
248.348	0.586	0.611
248.347	0.586	0.611
248.345	0.586	0.611
248.345	0.586	0.611
248.345	0.586	0.611
248.345	0.586	0.611
248.304	0.587	0.611
248.304	0.587	0.611
248.304	0.587	0.611
248.304	0.587	0.611
248.304	0.587	0.611
248.304	0.587	0.611
248.086	0.588	0.611
248.086	0.588	0.611
248.086	0.588	0.611
248.034	0.588	0.611
247.961	0.588	0.611
247.961	0.588	0.611
247.961	0.588	0.611
247.961	0.588	0.611
247.957	0.588	0.611
247.957	0.588	0.611
247.957	0.588	0.611
247.957	0.588	0.611

Error results for GA
---------------------------
288.066	0.587	0.609
175.565	0.592	0.609
225.019	0.578	0.599
313.877	0.583	0.599
166.095	0.583	0.599
172.686	0.620	0.628
201.113	0.599	0.620
186.704	0.599	0.620
170.984	0.599	0.620
289.699	0.578	0.601
169.750	0.578	0.601
208.977	0.578	0.601
220.193	0.578	0.601
181.760	0.568	0.590
227.738	0.568	0.590
187.844	0.568	0.590
189.238	0.589	0.611
161.836	0.619	0.638
193.236	0.645	0.657
165.056	0.586	0.609
213.705	0.650	0.649
254.010	0.638	0.649
177.876	0.663	0.665
177.573	0.663	0.665
175.153	0.642	0.632
264.267	0.643	0.626
212.107	0.643	0.626
179.412	0.643	0.626
165.924	0.643	0.626
194.179	0.643	0.626
248.447	0.643	0.626
229.007	0.598	0.610
213.796	0.671	0.666
175.115	0.643	0.626
169.284	0.643	0.626
170.269	0.605	0.619
228.589	0.605	0.619
173.897	0.622	0.605
286.053	0.628	0.652
171.902	0.622	0.605
181.948	0.622	0.605
151.295	0.586	0.609
191.729	0.675	0.680
169.273	0.660	0.671
175.723	0.591	0.603
208.451	0.590	0.609
182.236	0.597	0.607
168.173	0.597	0.607
193.589	0.597	0.607
175.375	0.615	0.632
160.444	0.615	0.632
195.701	0.578	0.599
210.115	0.722	0.728
261.366	0.722	0.728
203.404	0.722	0.728
207.876	0.722	0.728
210.428	0.722	0.728
176.704	0.722	0.728
218.909	0.718	0.706
171.825	0.595	0.613
174.343	0.586	0.608
177.490	0.624	0.628
186.557	0.587	0.612
215.583	0.580	0.594
182.309	0.621	0.602
174.064	0.601	0.610
224.339	0.578	0.595
205.862	0.604	0.615
183.827	0.581	0.605
175.812	0.580	0.593
174.560	0.580	0.593
186.868	0.574	0.600
172.273	0.579	0.599
167.234	0.579	0.599
170.109	0.589	0.612
162.068	0.682	0.682
165.216	0.623	0.631
164.266	0.614	0.603
179.570	0.692	0.697
230.005	0.692	0.697
218.398	0.584	0.592
209.639	0.627	0.638
179.659	0.627	0.638
184.763	0.572	0.604
195.959	0.572	0.604
172.694	0.586	0.609
233.033	0.564	0.583
182.822	0.564	0.583
184.169	0.586	0.595
181.540	0.586	0.595
165.071	0.586	0.609
183.902	0.670	0.649
172.658	0.604	0.632
194.573	0.580	0.604
220.651	0.580	0.604
236.651	0.580	0.604
202.136	0.580	0.604
174.638	0.622	0.640
175.561	0.589	0.612
172.881	0.593	0.610
253.643	0.617	0.626
208.810	0.589	0.613
180.919	0.598	0.617
154.756	0.668	0.640
184.560	0.607	0.625
192.120	0.607	0.625
184.674	0.607	0.625
259.758	0.583	0.611
206.034	0.584	0.609
166.774	0.581	0.596
175.080	0.612	0.637
166.508	0.612	0.637
168.208	0.683	0.695
164.347	0.619	0.603
171.810	0.607	0.581
170.365	0.558	0.587
164.061	0.609	0.632
208.176	0.678	0.703
171.737	0.704	0.687
195.560	0.704	0.687
199.147	0.640	0.639
168.811	0.588	0.610
189.555	0.586	0.610
187.185	0.586	0.610
193.333	0.588	0.609
189.413	0.583	0.611
174.891	0.588	0.605
174.238	0.588	0.605
177.988	0.588	0.605
173.348	0.671	0.682
175.238	0.671	0.682
167.927	0.671	0.682
175.118	0.671	0.682
166.437	0.671	0.682
199.156	0.671	0.682
177.559	0.632	0.610
174.176	0.589	0.607
165.698	0.657	0.641
167.550	0.598	0.622
167.572	0.628	0.629
179.454	0.628	0.629
172.220	0.585	0.609
174.734	0.628	0.629
167.552	0.628	0.629
180.888	0.628	0.629
169.608	0.660	0.666
167.698	0.588	0.612
214.361	0.639	0.628
167.282	0.620	0.601
181.059	0.621	0.633
184.251	0.591	0.612
207.911	0.615	0.627
217.819	0.591	0.612
161.015	0.620	0.638
170.844	0.630	0.627
246.412	0.614	0.636
162.944	0.609	0.626
178.416	0.592	0.610
165.646	0.696	0.694
181.160	0.621	0.621
165.053	0.644	0.658
160.744	0.659	0.648
154.173	0.659	0.648
171.216	0.662	0.668
167.412	0.662	0.668
196.344	0.630	0.639
159.569	0.675	0.678
168.100	0.628	0.626
159.651	0.587	0.608
180.015	0.607	0.626
168.491	0.607	0.626
165.595	0.656	0.656
162.766	0.607	0.626
162.133	0.607	0.626
241.639	0.646	0.640
164.016	0.669	0.670
175.912	0.659	0.666
158.735	0.613	0.633
171.164	0.613	0.633
165.638	0.589	0.612
174.383	0.589	0.612
154.936	0.609	0.632
150.795	0.662	0.681
167.020	0.687	0.697
153.927	0.687	0.697
165.747	0.665	0.674
171.345	0.591	0.610
157.586	0.620	0.630
159.670	0.664	0.672
163.111	0.623	0.631
155.658	0.654	0.665
154.727	0.622	0.629
153.580	0.641	0.655
178.902	0.670	0.690
193.103	0.630	0.636
158.575	0.654	0.663
161.460	0.689	0.688
160.205	0.646	0.663
153.519	0.628	0.640
154.514	0.622	0.633
153.429	0.649	0.667
158.783	0.651	0.667
166.594	0.624	0.633
159.224	0.654	0.668
157.748	0.652	0.663
155.740	0.640	0.653
153.631	0.630	0.646
157.643	0.630	0.646
153.677	0.630	0.646
156.942	0.676	0.656
156.017	0.628	0.636
153.426	0.666	0.677
156.029	0.658	0.670
161.389	0.653	0.666
162.193	0.663	0.677
156.406	0.675	0.684
153.962	0.675	0.684
163.167	0.620	0.631
159.512	0.620	0.631
151.823	0.620	0.631
152.398	0.620	0.631
154.912	0.619	0.631
153.713	0.620	0.631
162.469	0.620	0.631
154.575	0.620	0.631
155.125	0.657	0.670
151.227	0.646	0.658
151.306	0.627	0.633
152.088	0.656	0.667
161.546	0.656	0.667
154.385	0.667	0.673
154.141	0.646	0.662
168.372	0.625	0.635
165.479	0.656	0.667
156.169	0.621	0.632
152.131	0.672	0.664
162.284	0.674	0.679
160.285	0.657	0.671
155.436	0.628	0.643
155.852	0.649	0.667
155.026	0.633	0.642
161.829	0.649	0.663
150.917	0.649	0.663
150.600	0.672	0.673
155.042	0.649	0.670
165.494	0.649	0.670
152.542	0.623	0.635
152.044	0.622	0.633
159.347	0.649	0.664
156.221	0.643	0.654
151.191	0.636	0.647
147.174	0.650	0.666
148.405	0.649	0.667
152.990	0.649	0.667
157.412	0.649	0.668
167.462	0.624	0.634
149.475	0.624	0.634
149.659	0.625	0.632
155.988	0.659	0.680
157.982	0.625	0.632
151.134	0.625	0.632
156.335	0.679	0.690
151.343	0.628	0.645
153.369	0.652	0.665
150.336	0.652	0.665
169.296	0.653	0.662
149.034	0.653	0.662
155.880	0.666	0.677
149.465	0.623	0.638
151.944	0.630	0.642
164.662	0.630	0.642
156.845	0.701	0.712
152.013	0.658	0.676
164.173	0.693	0.691
153.861	0.685	0.684
157.881	0.678	0.675
154.133	0.701	0.702
152.418	0.661	0.681
152.835	0.661	0.681
151.519	0.653	0.664
149.518	0.627	0.632
152.117	0.627	0.632
155.255	0.653	0.661
154.954	0.659	0.671
153.099	0.659	0.671
150.901	0.641	0.656
150.848	0.626	0.636
151.324	0.630	0.645
151.866	0.630	0.645
163.863	0.664	0.670
151.783	0.647	0.663
154.155	0.647	0.663
152.263	0.647	0.663
149.205	0.697	0.697
161.299	0.664	0.674
149.914	0.664	0.674
148.771	0.628	0.637
153.480	0.617	0.628
149.428	0.619	0.630
151.163	0.617	0.630
150.229	0.664	0.658
151.539	0.624	0.639
155.676	0.637	0.647
152.988	0.654	0.671
154.706	0.617	0.631
154.916	0.617	0.631
151.644	0.667	0.679
156.208	0.662	0.672
151.252	0.666	0.677
150.855	0.618	0.629
155.628	0.688	0.703
156.661	0.619	0.628
157.697	0.620	0.635
149.317	0.628	0.640
160.127	0.628	0.640
173.288	0.628	0.640
153.717	0.627	0.631
154.845	0.699	0.708
174.697	0.583	0.604
148.942	0.630	0.637
151.873	0.659	0.670
158.899	0.659	0.670
149.270	0.689	0.678
159.348	0.689	0.678
150.712	0.689	0.678
159.780	0.665	0.673
154.542	0.667	0.679
156.171	0.667	0.679
149.947	0.662	0.671
153.821	0.662	0.671
156.678	0.631	0.641
153.160	0.631	0.641
163.347	0.618	0.629
156.395	0.620	0.633
167.271	0.667	0.674
158.180	0.591	0.613
161.887	0.591	0.613
151.347	0.591	0.613
154.688	0.612	0.634
151.827	0.658	0.668
152.936	0.598	0.611
152.789	0.646	0.658
159.099	0.641	0.652
152.111	0.656	0.667
153.830	0.656	0.667
148.839	0.656	0.667
154.404	0.659	0.659
151.610	0.700	0.704
148.626	0.612	0.624
149.474	0.610	0.626
165.786	0.657	0.671
155.896	0.624	0.632
152.511	0.662	0.669
159.729	0.684	0.685
157.000	0.593	0.608
158.917	0.704	0.690
149.009	0.620	0.632
162.525	0.606	0.620
149.301	0.704	0.699
158.096	0.655	0.670
153.182	0.657	0.668
147.283	0.658	0.664
152.426	0.671	0.678
149.783	0.671	0.678
152.910	0.663	0.674
150.875	0.663	0.674
150.770	0.614	0.627
156.770	0.672	0.675
156.522	0.672	0.675
150.899	0.663	0.668
150.810	0.713	0.706
155.261	0.699	0.697
156.528	0.712	0.709
146.226	0.712	0.709
150.603	0.707	0.703
150.766	0.678	0.679
148.182	0.707	0.707
150.737	0.707	0.707
158.466	0.678	0.684
149.638	0.681	0.685
158.540	0.654	0.665
148.062	0.675	0.677
151.617	0.621	0.628
152.382	0.695	0.700
148.191	0.625	0.632
152.674	0.680	0.675
153.355	0.700	0.701
156.701	0.717	0.712
149.471	0.675	0.681
153.049	0.703	0.704
145.885	0.659	0.669
151.572	0.659	0.669
146.906	0.659	0.669
148.906	0.659	0.669
153.881	0.608	0.626
150.423	0.624	0.631
149.841	0.627	0.633
149.319	0.693	0.686
150.110	0.586	0.607
159.333	0.607	0.626
149.268	0.607	0.626
152.421	0.699	0.706
155.035	0.693	0.694
152.223	0.693	0.694
164.184	0.630	0.640
151.759	0.660	0.674
155.341	0.660	0.674
150.732	0.660	0.674
152.572	0.661	0.672
152.758	0.618	0.628
150.005	0.693	0.676
150.201	0.657	0.673
150.578	0.657	0.673
157.173	0.677	0.679
155.442	0.677	0.679
157.019	0.677	0.679
154.412	0.656	0.668
156.309	0.663	0.671
153.247	0.678	0.685
153.846	0.674	0.684
159.092	0.620	0.631
149.133	0.664	0.672
149.876	0.609	0.625
148.668	0.663	0.675
151.976	0.673	0.654
151.356	0.663	0.675
149.877	0.674	0.682
150.901	0.656	0.665
154.144	0.655	0.667
152.917	0.666	0.681
151.660	0.666	0.681
151.885	0.666	0.681
153.374	0.666	0.681
148.822	0.666	0.681
151.278	0.661	0.679
149.554	0.664	0.680
150.033	0.643	0.656
146.693	0.657	0.667
148.713	0.684	0.675
150.853	0.664	0.673
152.359	0.666	0.679
157.095	0.669	0.673
149.720	0.678	0.665
153.634	0.666	0.677
148.742	0.664	0.671
150.457	0.670	0.678
148.595	0.621	0.634
149.169	0.667	0.676
158.093	0.662	0.674
152.160	0.716	0.709
149.929	0.667	0.678
148.713	0.659	0.669
149.930	0.659	0.669
160.127	0.653	0.662
148.465	0.653	0.662
150.072	0.653	0.662
150.587	0.666	0.677
150.416	0.666	0.677
153.160	0.670	0.680
153.913	0.666	0.677
159.180	0.666	0.677
149.380	0.667	0.673
150.067	0.670	0.679
148.456	0.609	0.628
149.758	0.609	0.628
150.323	0.666	0.670
153.754	0.666	0.670
151.051	0.666	0.670
148.877	0.666	0.670
153.392	0.666	0.670
150.749	0.666	0.670
149.417	0.622	0.632
150.043	0.618	0.631
150.393	0.618	0.631
148.283	0.657	0.668
154.235	0.621	0.632
151.563	0.651	0.662
155.093	0.651	0.662
151.024	0.669	0.677
153.333	0.669	0.677
150.827	0.664	0.671
148.660	0.664	0.671
155.296	0.680	0.694
163.124	0.680	0.694
154.882	0.617	0.629
149.911	0.622	0.631
148.934	0.617	0.629
150.265	0.617	0.629
155.693	0.617	0.629
151.401	0.660	0.669
150.216	0.629	0.651
149.821	0.662	0.668
150.617	0.662	0.668
149.404	0.658	0.670
148.480	0.662	0.668
148.681	0.662	0.674
149.275	0.662	0.668
156.249	0.659	0.671
148.607	0.659	0.671
145.932	0.678	0.665
153.002	0.678	0.665
151.911	0.636	0.656
152.801	0.623	0.632
147.802	0.623	0.632
152.097	0.623	0.631
150.987	0.616	0.627
154.607	0.664	0.665
149.372	0.665	0.667
155.169	0.658	0.666
148.804	0.659	0.666
147.591	0.659	0.666
151.070	0.659	0.666
156.351	0.659	0.666
149.843	0.651	0.665
150.640	0.625	0.632
156.867	0.683	0.686
148.761	0.683	0.686
151.183	0.678	0.665
148.736	0.665	0.675
148.158	0.665	0.675
149.271	0.665	0.675
148.063	0.665	0.675
150.307	0.658	0.666
149.161	0.658	0.666
148.039	0.649	0.659
149.128	0.660	0.665
147.254	0.659	0.665
149.516	0.620	0.629
149.269	0.660	0.668
153.460	0.660	0.668
148.010	0.620	0.629
150.024	0.658	0.663
152.389	0.656	0.663
147.770	0.621	0.630
150.403	0.659	0.669
155.277	0.662	0.669
151.099	0.662	0.670
149.791	0.671	0.674
146.641	0.676	0.677
149.866	0.660	0.665
149.023	0.660	0.665
153.662	0.664	0.668
150.978	0.672	0.675
150.367	0.625	0.631
156.799	0.625	0.631
150.732	0.625	0.631
148.872	0.670	0.674
148.894	0.672	0.676
148.138	0.659	0.666
147.810	0.672	0.675
150.604	0.664	0.667
156.698	0.664	0.674
150.333	0.620	0.628
150.523	0.624	0.631
152.307	0.624	0.631
150.218	0.620	0.629
148.573	0.624	0.634
150.097	0.662	0.667
149.686	0.624	0.634
147.302	0.623	0.632
148.474	0.624	0.632
155.865	0.624	0.632
151.418	0.624	0.632
149.563	0.624	0.632
158.173	0.624	0.634
148.817	0.619	0.629
157.125	0.624	0.634
147.743	0.625	0.630
147.229	0.625	0.633
148.705	0.625	0.633
151.902	0.622	0.630
149.118	0.623	0.630
149.242	0.622	0.630
149.304	0.622	0.630
151.105	0.624	0.631
149.310	0.624	0.631
150.363	0.622	0.631
150.126	0.624	0.631
149.742	0.625	0.632
148.172	0.624	0.631
150.043	0.622	0.632
150.453	0.686	0.690
150.426	0.621	0.631
149.614	0.621	0.631
150.185	0.624	0.634
146.468	0.622	0.631
149.856	0.624	0.630
151.645	0.625	0.632
148.077	0.625	0.631
147.680	0.622	0.630
147.385	0.622	0.630
150.349	0.623	0.633
150.051	0.625	0.631
150.254	0.622	0.630
148.567	0.625	0.633
148.070	0.623	0.631
147.582	0.620	0.629
150.624	0.620	0.630
149.012	0.620	0.630
148.044	0.636	0.643
148.824	0.636	0.643
151.326	0.622	0.629
149.747	0.622	0.629
150.526	0.623	0.631
149.340	0.620	0.628
149.218	0.620	0.629
150.096	0.620	0.628
149.546	0.642	0.648
149.721	0.648	0.653
149.346	0.620	0.630
150.548	0.620	0.630
148.516	0.620	0.630
151.392	0.620	0.630
150.467	0.625	0.631
150.416	0.625	0.631
149.810	0.625	0.631
148.558	0.620	0.629
148.563	0.625	0.631
149.218	0.625	0.631
154.466	0.625	0.631
148.686	0.623	0.632
150.628	0.625	0.630
152.063	0.623	0.630
149.904	0.620	0.629
148.638	0.624	0.630
148.642	0.620	0.630
149.722	0.619	0.628
148.714	0.622	0.630
149.864	0.619	0.628
148.607	0.619	0.628
148.212	0.624	0.630
148.356	0.624	0.630
154.180	0.619	0.631
150.389	0.623	0.629
148.803	0.623	0.629
149.698	0.620	0.631
149.418	0.624	0.631
148.623	0.624	0.631
152.991	0.620	0.629
149.952	0.623	0.631
151.274	0.624	0.631
149.906	0.620	0.629
150.909	0.620	0.628
150.007	0.620	0.629
149.343	0.620	0.629
149.568	0.620	0.629
147.795	0.620	0.631
150.070	0.620	0.631
152.634	0.620	0.631
149.476	0.619	0.628
149.899	0.620	0.630
149.067	0.619	0.629
149.940	0.620	0.628
149.684	0.620	0.628
149.878	0.619	0.629
151.069	0.624	0.631
149.147	0.619	0.629
148.655	0.620	0.630
149.743	0.619	0.629
149.780	0.620	0.628
148.770	0.620	0.628
148.462	0.622	0.630
149.737	0.620	0.628
148.927	0.620	0.627
147.256	0.620	0.627
148.236	0.620	0.629
149.713	0.620	0.629
149.363	0.620	0.629
147.375	0.620	0.629
151.147	0.620	0.629
150.021	0.620	0.628
148.561	0.620	0.628
149.118	0.620	0.628
148.237	0.620	0.628
149.309	0.620	0.630
151.040	0.620	0.628
149.199	0.620	0.629
149.361	0.620	0.628
149.652	0.694	0.675
148.599	0.619	0.628
149.535	0.620	0.629
151.346	0.620	0.628
149.914	0.620	0.629
148.802	0.620	0.628
149.116	0.620	0.630
148.152	0.620	0.628
148.778	0.620	0.628
148.747	0.620	0.628
148.353	0.649	0.662
149.134	0.620	0.629
149.027	0.621	0.629
148.711	0.620	0.628
149.934	0.620	0.628
148.573	0.619	0.628
147.265	0.620	0.628
150.729	0.620	0.628
150.416	0.620	0.628
148.599	0.620	0.628
149.720	0.620	0.629
149.329	0.620	0.628
149.211	0.620	0.630
151.110	0.620	0.628
147.918	0.620	0.628
147.233	0.626	0.630
147.465	0.620	0.629
147.533	0.620	0.628
149.126	0.620	0.628
148.480	0.620	0.628
150.256	0.620	0.628
149.066	0.620	0.628
148.159	0.620	0.628
149.190	0.620	0.628
149.196	0.620	0.628
150.700	0.620	0.628
148.317	0.625	0.632
148.512	0.620	0.628
149.421	0.624	0.631
148.279	0.624	0.630
148.152	0.620	0.628
148.782	0.620	0.628
148.378	0.620	0.628
148.691	0.620	0.630
150.469	0.619	0.629
148.879	0.620	0.627
148.337	0.620	0.630
150.867	0.620	0.628
148.978	0.620	0.629
148.835	0.620	0.629
148.273	0.620	0.628
147.976	0.670	0.671
150.904	0.670	0.671
149.802	0.672	0.672
149.803	0.620	0.628
150.297	0.624	0.630
147.463	0.664	0.671
149.695	0.666	0.672
149.295	0.663	0.672
148.522	0.667	0.672
148.532	0.667	0.674
149.012	0.667	0.672
148.025	0.665	0.673
149.113	0.667	0.671
148.126	0.667	0.671
148.947	0.667	0.671
146.632	0.666	0.664
148.540	0.620	0.629
148.956	0.620	0.627
148.458	0.620	0.628
148.486	0.620	0.629
148.217	0.620	0.628
148.086	0.620	0.628
148.612	0.620	0.628
149.622	0.620	0.628
147.506	0.620	0.628
149.121	0.668	0.661
148.521	0.668	0.661
148.877	0.667	0.657
149.348	0.667	0.657
149.881	0.669	0.661
149.413	0.667	0.657
147.843	0.666	0.655
150.544	0.672	0.695
148.720	0.670	0.662
148.222	0.664	0.654
148.525	0.664	0.654
148.677	0.620	0.629
148.355	0.669	0.660
149.009	0.671	0.664
151.314	0.671	0.664
150.982	0.671	0.664
147.535	0.671	0.664
151.091	0.670	0.661
148.411	0.670	0.661
148.512	0.672	0.664
148.323	0.620	0.629
148.005	0.675	0.695
144.923	0.620	0.629
148.303	0.620	0.629
148.172	0.679	0.681
142.868	0.673	0.668
149.918	0.670	0.663
143.052	0.673	0.668
148.048	0.673	0.668
148.849	0.673	0.668
147.207	0.673	0.668
148.590	0.673	0.668
148.305	0.673	0.668
148.268	0.672	0.669
148.334	0.673	0.663
148.407	0.675	0.666
150.589	0.675	0.666
148.211	0.672	0.664
148.286	0.673	0.667
150.752	0.675	0.666
147.923	0.675	0.666
151.036	0.672	0.666
157.861	0.672	0.666
148.699	0.670	0.662
148.399	0.670	0.662
148.360	0.670	0.662
147.552	0.671	0.665
149.296	0.674	0.695
150.887	0.669	0.661
143.648	0.669	0.661
148.326	0.669	0.661
150.695	0.671	0.665
147.630	0.619	0.627
148.069	0.620	0.629
149.237	0.673	0.668
148.512	0.673	0.697
148.238	0.620	0.629
147.952	0.620	0.629
148.237	0.620	0.629
148.224	0.619	0.629
150.297	0.674	0.695
148.251	0.673	0.697
147.845	0.673	0.697
148.399	0.675	0.697
148.231	0.675	0.697
142.015	0.620	0.629
147.779	0.670	0.664
147.495	0.670	0.663
149.102	0.670	0.664
148.332	0.670	0.664
147.969	0.670	0.664
147.992	0.672	0.668
148.146	0.672	0.668
148.678	0.670	0.661
147.626	0.620	0.627
148.215	0.620	0.627
147.768	0.620	0.627
148.165	0.620	0.627
147.097	0.626	0.638
147.614	0.620	0.627
149.850	0.626	0.639
147.560	0.620	0.627
146.923	0.620	0.628
148.264	0.620	0.628
147.306	0.620	0.628
149.541	0.625	0.638
149.176	0.620	0.628
146.401	0.628	0.636
147.438	0.621	0.628
147.421	0.621	0.628
147.281	0.621	0.628
147.832	0.625	0.638
146.583	0.626	0.638
150.302	0.628	0.636
150.133	0.628	0.636
147.704	0.628	0.636
148.801	0.626	0.636
147.635	0.626	0.636
147.360	0.626	0.636
146.831	0.627	0.638
148.473	0.626	0.639
146.950	0.626	0.639
147.547	0.628	0.636
150.336	0.620	0.629
147.690	0.626	0.639
147.000	0.626	0.638
146.666	0.626	0.638
145.637	0.626	0.638
147.415	0.626	0.638
147.509	0.627	0.638
147.704	0.627	0.638
147.464	0.627	0.638
147.824	0.625	0.638
152.041	0.620	0.628
149.924	0.621	0.629
147.273	0.620	0.631
146.909	0.629	0.636
147.143	0.627	0.638
147.830	0.627	0.638
147.421	0.627	0.638
146.748	0.625	0.638
145.607	0.625	0.638
150.579	0.627	0.638
152.479	0.627	0.636
150.086	0.627	0.636
147.724	0.626	0.638
146.910	0.625	0.638
152.430	0.627	0.638
150.006	0.625	0.631
147.662	0.625	0.631
147.259	0.698	0.700
147.583	0.700	0.701
150.013	0.627	0.637
148.611	0.627	0.637
145.818	0.626	0.638
146.630	0.626	0.638
148.900	0.628	0.635
147.515	0.628	0.635
150.373	0.627	0.638
149.292	0.626	0.638
146.821	0.628	0.636
149.778	0.627	0.638
148.746	0.626	0.638
147.358	0.627	0.638
146.629	0.628	0.637
147.316	0.628	0.636
149.706	0.628	0.636
148.909	0.628	0.636
149.487	0.626	0.638
146.532	0.627	0.638
147.046	0.626	0.638
147.652	0.620	0.630
149.476	0.625	0.638
148.952	0.631	0.637
146.579	0.627	0.638
152.746	0.628	0.636
146.873	0.628	0.638
145.738	0.628	0.638
145.830	0.627	0.638
148.931	0.628	0.638
146.377	0.626	0.639
148.388	0.626	0.639
146.255	0.626	0.639
148.542	0.626	0.639
145.825	0.629	0.641
146.036	0.629	0.641
149.928	0.631	0.641
147.137	0.631	0.641
153.026	0.631	0.641
152.888	0.628	0.636
148.195	0.627	0.636
149.861	0.628	0.636
149.614	0.628	0.636
149.842	0.628	0.636
146.935	0.628	0.636
147.414	0.628	0.636
146.838	0.626	0.638
145.891	0.626	0.638
146.130	0.626	0.638
146.594	0.627	0.638
159.028	0.627	0.638
146.628	0.628	0.637
149.995	0.628	0.636
146.346	0.626	0.640
145.375	0.627	0.637
145.655	0.629	0.637
147.012	0.628	0.638
146.318	0.627	0.638
146.147	0.628	0.637
145.843	0.628	0.637
145.949	0.628	0.637
145.520	0.628	0.637
151.714	0.628	0.638
148.705	0.628	0.636
146.897	0.628	0.636
148.739	0.627	0.638
146.791	0.627	0.636
146.516	0.628	0.636
145.387	0.628	0.636
146.411	0.628	0.636
147.319	0.628	0.637
146.925	0.627	0.638
145.974	0.627	0.636
146.283	0.628	0.637
146.231	0.628	0.637
147.112	0.628	0.637
146.471	0.628	0.637
148.740	0.628	0.637
146.187	0.627	0.638
149.532	0.628	0.637
146.707	0.628	0.637
146.724	0.628	0.637
145.398	0.628	0.637
148.697	0.628	0.637
146.217	0.628	0.637
145.489	0.628	0.637
145.709	0.628	0.637
146.320	0.628	0.637
145.635	0.627	0.638
145.585	0.628	0.637
145.794	0.628	0.637
146.650	0.628	0.637
148.809	0.628	0.637
149.041	0.628	0.637
148.702	0.627	0.637
146.240	0.628	0.636
145.560	0.627	0.639
147.193	0.627	0.639
145.659	0.628	0.637
148.991	0.628	0.637
145.555	0.628	0.637
145.479	0.628	0.637
145.665	0.626	0.638
145.307	0.628	0.637
146.266	0.628	0.637
145.923	0.628	0.637
146.264	0.628	0.637
146.614	0.628	0.637
145.782	0.627	0.639
145.622	0.627	0.639
145.524	0.628	0.637
146.304	0.628	0.637
146.583	0.628	0.637
153.726	0.628	0.637
148.819	0.628	0.637
148.900	0.628	0.637

Results for BackProp (Training):
Correctly Classified Instances: 99.13%
Incorrectly Classified Instances: 0.87%

Results for BackProp (Test):
Correctly Classified Instances: 91.65%
Incorrectly Classified Instances: 8.35%

Results for RHC (Training):
Correctly Classified Instances: 65.22%
Incorrectly Classified Instances: 34.78%

Results for RHC (Test):
Correctly Classified Instances: 66.07%
Incorrectly Classified Instances: 33.93%

Results for SA (Training):
Correctly Classified Instances: 58.84%
Incorrectly Classified Instances: 41.16%

Results for SA (Test):
Correctly Classified Instances: 61.13%
Incorrectly Classified Instances: 38.87%

Results for GA (Training):
Correctly Classified Instances: 62.83%
Incorrectly Classified Instances: 37.17%

Results for GA (Test):
Correctly Classified Instances: 63.68%
Incorrectly Classified Instances: 36.32%
