
Varying the number of nodes in the hidden layer...
---------------------------
1	0.929	0.886
2	0.933	0.900
3	0.971	0.925
4	0.959	0.899
5	0.963	0.925
6	0.956	0.902
7	0.976	0.932
8	0.971	0.913
9	0.973	0.926
10	0.977	0.927
11	0.984	0.917
12	0.989	0.914
13	0.984	0.924
14	0.991	0.917
15	0.985	0.917
16	0.983	0.909
17	0.985	0.924
18	0.983	0.924
19	0.985	0.925
20	0.991	0.925

Error results for RHC
---------------------------
260.055	0.416	0.411
260.061	0.416	0.411
260.833	0.416	0.411
260.044	0.415	0.411
260.044	0.415	0.411
260.044	0.415	0.411
260.043	0.415	0.411
260.343	0.415	0.411
253.571	0.417	0.411
253.571	0.417	0.411
253.969	0.417	0.411
253.562	0.417	0.411
253.543	0.417	0.411
253.575	0.417	0.411
253.543	0.417	0.411
255.813	0.417	0.411
253.543	0.417	0.411
253.487	0.417	0.411
253.487	0.417	0.411
253.487	0.417	0.411
253.506	0.417	0.411
253.553	0.417	0.411
253.487	0.417	0.411
253.866	0.417	0.411
253.487	0.417	0.411
253.440	0.417	0.411
253.440	0.417	0.411
253.436	0.417	0.411
253.253	0.417	0.411
253.253	0.417	0.411
253.397	0.417	0.411
253.253	0.417	0.411
253.253	0.417	0.411
253.260	0.417	0.411
253.253	0.417	0.411
253.253	0.417	0.411
253.253	0.417	0.411
253.248	0.417	0.411
253.183	0.417	0.411
253.183	0.417	0.411
253.183	0.417	0.411
253.141	0.417	0.411
252.669	0.417	0.411
252.671	0.417	0.411
252.666	0.417	0.411
252.911	0.417	0.411
252.563	0.417	0.411
252.548	0.417	0.411
252.548	0.417	0.411
252.547	0.417	0.411
252.554	0.417	0.411
252.547	0.417	0.411
252.464	0.416	0.411
252.464	0.416	0.411
252.464	0.416	0.411
252.464	0.416	0.411
253.351	0.416	0.411
258.183	0.416	0.411
252.459	0.416	0.411
252.401	0.416	0.411
252.489	0.416	0.411
252.401	0.416	0.411
252.401	0.416	0.411
252.401	0.416	0.411
252.288	0.417	0.411
253.618	0.417	0.411
252.518	0.417	0.411
252.288	0.417	0.411
245.786	0.421	0.418
245.786	0.421	0.418
245.784	0.421	0.418
245.784	0.421	0.418
245.781	0.421	0.418
245.887	0.421	0.418
245.775	0.421	0.418
245.775	0.421	0.418
245.772	0.421	0.418
245.772	0.421	0.418
245.772	0.421	0.418
245.800	0.421	0.418
245.708	0.421	0.418
245.712	0.421	0.418
245.709	0.421	0.418
245.736	0.421	0.418
245.433	0.422	0.418
244.667	0.424	0.419
244.667	0.424	0.419
244.667	0.424	0.419
244.625	0.424	0.419
244.555	0.424	0.418
244.555	0.424	0.418
244.295	0.424	0.419
244.295	0.424	0.419
244.295	0.424	0.419
244.295	0.424	0.419
244.196	0.425	0.419
244.196	0.425	0.419
244.196	0.425	0.419
244.215	0.425	0.419
244.196	0.425	0.420
244.091	0.425	0.420
244.061	0.427	0.420
244.061	0.427	0.420
244.117	0.427	0.420
244.061	0.427	0.420
244.065	0.427	0.420
244.071	0.427	0.420
244.061	0.427	0.420
244.213	0.427	0.420
244.061	0.427	0.420
244.053	0.427	0.420
244.053	0.427	0.420
244.099	0.427	0.420
244.023	0.427	0.420
244.023	0.427	0.420
244.023	0.427	0.420
244.013	0.427	0.420
244.012	0.427	0.420
244.012	0.427	0.420
244.037	0.427	0.420
243.723	0.427	0.420
243.726	0.427	0.420
243.723	0.427	0.420
243.714	0.427	0.420
243.709	0.427	0.420
245.285	0.427	0.420
243.709	0.427	0.420
243.714	0.427	0.420
243.709	0.427	0.420
243.708	0.427	0.420
244.574	0.427	0.420
243.708	0.427	0.420
243.679	0.427	0.420
243.672	0.427	0.420
243.672	0.427	0.420
243.694	0.427	0.420
243.672	0.427	0.420
243.671	0.427	0.420
243.761	0.427	0.420
243.671	0.427	0.420
242.245	0.433	0.424
242.253	0.433	0.424
242.245	0.433	0.424
242.246	0.433	0.424
242.245	0.433	0.424
241.783	0.435	0.425
241.783	0.435	0.425
241.780	0.435	0.425
241.770	0.435	0.425
241.937	0.435	0.425
241.821	0.435	0.425
241.770	0.435	0.425
241.770	0.435	0.425
241.771	0.435	0.425
241.770	0.435	0.425
241.945	0.435	0.425
241.773	0.435	0.425
241.727	0.435	0.425
241.727	0.435	0.425
241.727	0.435	0.425
241.775	0.435	0.425
241.728	0.435	0.425
241.727	0.435	0.425
241.727	0.435	0.425
241.697	0.435	0.425
241.704	0.435	0.425
241.697	0.435	0.425
241.645	0.435	0.425
241.645	0.435	0.425
241.645	0.435	0.425
241.645	0.435	0.425
241.623	0.435	0.425
241.529	0.436	0.426
231.760	0.555	0.560
231.747	0.555	0.560
232.192	0.555	0.560
231.878	0.555	0.560
231.765	0.555	0.560
231.724	0.555	0.560
231.724	0.555	0.560
231.523	0.555	0.562
232.400	0.555	0.562
231.530	0.555	0.562
231.523	0.555	0.562
231.522	0.555	0.562
231.516	0.555	0.562
231.517	0.555	0.562
231.516	0.555	0.562
231.516	0.555	0.562
231.516	0.555	0.562
231.516	0.555	0.562
231.423	0.555	0.562
231.423	0.555	0.562
231.423	0.555	0.562
231.423	0.555	0.562
231.425	0.555	0.562
231.423	0.555	0.562
232.338	0.555	0.562
231.338	0.556	0.562
231.318	0.556	0.562
231.318	0.556	0.562
231.318	0.556	0.562
231.318	0.556	0.562
231.319	0.556	0.562
231.319	0.556	0.562
231.315	0.556	0.562
231.304	0.556	0.562
231.314	0.556	0.562
231.272	0.556	0.562
231.310	0.556	0.562
231.272	0.556	0.562
231.272	0.556	0.562
231.277	0.556	0.562
231.272	0.556	0.562
231.286	0.556	0.562
230.427	0.558	0.567
230.427	0.558	0.567
230.214	0.558	0.567
230.214	0.558	0.567
230.187	0.558	0.567
230.187	0.558	0.567
230.188	0.558	0.567
230.187	0.558	0.567
230.187	0.558	0.567
230.187	0.558	0.567
230.181	0.558	0.567
230.181	0.558	0.567
230.181	0.558	0.567
230.181	0.558	0.567
230.181	0.558	0.567
230.181	0.558	0.567
230.184	0.558	0.567
230.179	0.558	0.567
231.230	0.558	0.567
230.179	0.558	0.567
230.179	0.558	0.567
230.179	0.558	0.567
230.179	0.558	0.567
230.179	0.558	0.567
230.612	0.558	0.567
230.179	0.558	0.567
230.263	0.558	0.567
230.179	0.558	0.567
230.194	0.558	0.567
230.179	0.558	0.567
230.179	0.558	0.567
230.177	0.558	0.567
230.110	0.558	0.568
230.110	0.558	0.568
230.145	0.558	0.568
230.485	0.558	0.568
230.110	0.558	0.568
230.110	0.558	0.568
230.131	0.558	0.568
230.079	0.558	0.568
230.152	0.558	0.568
230.079	0.558	0.568
230.079	0.558	0.568
230.322	0.558	0.568
230.081	0.558	0.568
230.049	0.558	0.568
230.049	0.558	0.568
229.897	0.559	0.568
229.938	0.559	0.568
229.897	0.559	0.568
229.897	0.559	0.568
229.897	0.559	0.568
229.911	0.559	0.568
229.898	0.559	0.568
229.603	0.559	0.569
229.568	0.559	0.569
229.568	0.559	0.569
229.583	0.559	0.569
229.561	0.559	0.569
229.557	0.559	0.569
229.691	0.559	0.569
229.556	0.559	0.569
229.556	0.559	0.569
229.556	0.559	0.569
229.555	0.559	0.569
229.555	0.559	0.569
229.555	0.559	0.569
229.719	0.559	0.569
229.555	0.559	0.569
229.578	0.559	0.569
229.600	0.559	0.569
229.555	0.559	0.569
229.565	0.559	0.569
229.465	0.559	0.568
229.468	0.559	0.568
229.466	0.559	0.568
229.466	0.559	0.568
229.612	0.559	0.568
229.465	0.559	0.568
229.466	0.559	0.568
229.456	0.559	0.568
229.456	0.559	0.568
229.470	0.559	0.568
229.052	0.561	0.573
229.064	0.561	0.573
229.052	0.561	0.573
229.096	0.561	0.573
229.052	0.561	0.573
229.022	0.561	0.574
229.131	0.561	0.574
228.587	0.566	0.581
228.538	0.566	0.581
228.761	0.566	0.581
228.575	0.566	0.581
228.536	0.566	0.581
229.990	0.566	0.581
229.598	0.566	0.581
228.546	0.566	0.581
228.536	0.566	0.581
228.536	0.566	0.581
228.536	0.566	0.581
228.536	0.566	0.581
226.562	0.557	0.568
226.568	0.557	0.568
226.562	0.557	0.568
226.562	0.557	0.568
226.562	0.557	0.568
226.469	0.557	0.568
226.469	0.557	0.568
226.329	0.557	0.568
226.331	0.557	0.568
226.329	0.557	0.568
226.346	0.557	0.568
226.329	0.557	0.568
226.301	0.558	0.568
226.301	0.558	0.568
226.301	0.558	0.568
226.301	0.558	0.568
226.297	0.558	0.568
226.298	0.558	0.568
226.297	0.558	0.568
226.408	0.558	0.568
226.297	0.558	0.568
226.297	0.558	0.568
226.297	0.558	0.568
226.297	0.558	0.568
226.297	0.558	0.568
226.297	0.558	0.568
226.254	0.558	0.568
226.250	0.558	0.568
226.250	0.558	0.568
226.250	0.558	0.568
226.252	0.558	0.568
226.250	0.558	0.568
226.265	0.558	0.568
226.250	0.558	0.568
226.250	0.558	0.568
226.250	0.558	0.568
226.250	0.558	0.568
226.252	0.558	0.568
226.242	0.557	0.568
226.489	0.557	0.568
225.720	0.560	0.572
225.720	0.560	0.572
225.720	0.560	0.572
233.271	0.560	0.572
225.720	0.560	0.572
225.720	0.560	0.572
225.672	0.560	0.572
225.644	0.560	0.572
225.644	0.560	0.572
225.644	0.560	0.572
225.648	0.560	0.572
225.639	0.560	0.572
225.633	0.560	0.572
223.799	0.567	0.575
223.787	0.567	0.575
224.902	0.567	0.575
223.787	0.567	0.575
223.789	0.567	0.575
223.788	0.567	0.575
223.716	0.568	0.576
223.716	0.568	0.576
223.716	0.568	0.576
223.716	0.568	0.576
223.716	0.568	0.576
223.636	0.568	0.577
225.141	0.568	0.577
224.092	0.568	0.577
223.720	0.568	0.577
223.651	0.568	0.577
223.636	0.568	0.577
223.669	0.568	0.577
223.624	0.568	0.577
223.634	0.568	0.577
223.624	0.568	0.577
223.576	0.597	0.605
223.577	0.597	0.605
223.579	0.597	0.605
223.574	0.597	0.605
223.632	0.597	0.605
223.641	0.597	0.605
223.574	0.597	0.605
223.946	0.597	0.605
223.574	0.597	0.605
223.574	0.597	0.605
223.584	0.597	0.605
223.575	0.597	0.605
223.227	0.595	0.605
223.227	0.595	0.605
223.227	0.595	0.605
223.232	0.595	0.605
223.227	0.595	0.605
223.233	0.595	0.605
223.019	0.596	0.604
222.979	0.596	0.604
222.979	0.596	0.604
222.979	0.596	0.604
222.981	0.596	0.604
222.979	0.596	0.604
223.055	0.596	0.604
223.219	0.596	0.604
222.979	0.596	0.604
222.979	0.596	0.604
222.979	0.596	0.604
222.979	0.596	0.604
222.979	0.596	0.604
222.979	0.596	0.604
222.979	0.596	0.604
223.377	0.596	0.604
222.948	0.597	0.605
222.948	0.597	0.605
222.946	0.597	0.605
223.006	0.597	0.605
222.945	0.597	0.605
222.945	0.597	0.605
222.945	0.597	0.605
222.945	0.597	0.605
222.945	0.597	0.605
223.669	0.597	0.605
222.956	0.597	0.605
222.945	0.597	0.605
222.904	0.597	0.605
222.960	0.597	0.605
222.892	0.597	0.605
222.975	0.597	0.605
222.892	0.597	0.605
222.934	0.597	0.605
222.903	0.597	0.605
222.892	0.597	0.605
222.892	0.597	0.605
222.892	0.597	0.605
222.892	0.597	0.605
222.889	0.597	0.605
222.885	0.597	0.605
222.885	0.597	0.605
222.922	0.597	0.605
222.932	0.597	0.605
222.885	0.597	0.605
222.885	0.597	0.605
222.885	0.597	0.605
222.896	0.597	0.605
222.885	0.597	0.605
222.781	0.597	0.605
222.610	0.597	0.605
222.610	0.597	0.605
225.244	0.597	0.605
222.610	0.597	0.605
222.610	0.597	0.605
222.655	0.597	0.605
222.918	0.597	0.605
224.604	0.597	0.605
222.610	0.597	0.605
222.608	0.597	0.605
222.573	0.597	0.605
222.573	0.597	0.605
222.721	0.597	0.605
222.573	0.597	0.605
222.573	0.597	0.605
222.359	0.597	0.605
222.370	0.597	0.605
222.317	0.597	0.605
222.317	0.597	0.605
222.158	0.598	0.605
222.238	0.598	0.605
222.158	0.598	0.605
222.165	0.598	0.605
222.158	0.598	0.605
222.158	0.598	0.605
222.156	0.598	0.605
222.195	0.598	0.605
222.311	0.598	0.605
222.155	0.598	0.605
222.244	0.598	0.605
222.173	0.598	0.605
222.164	0.598	0.605
222.155	0.598	0.605
221.818	0.598	0.605
221.818	0.598	0.605
221.818	0.598	0.605
221.818	0.598	0.605
221.817	0.598	0.605
221.826	0.598	0.605
221.429	0.598	0.606
221.429	0.598	0.606
221.429	0.598	0.606
221.426	0.598	0.606
221.426	0.598	0.606
221.426	0.598	0.606
221.461	0.598	0.606
221.426	0.598	0.606
221.426	0.598	0.606
221.504	0.598	0.606
221.426	0.598	0.606
221.425	0.598	0.606
221.425	0.598	0.606
221.425	0.598	0.606
221.430	0.598	0.606
221.425	0.598	0.606
221.425	0.598	0.606
221.495	0.598	0.606
221.326	0.598	0.606
221.328	0.598	0.606
221.325	0.598	0.606
221.373	0.598	0.606
221.333	0.598	0.606
221.448	0.598	0.606
221.339	0.598	0.606
221.331	0.598	0.606
221.325	0.598	0.606
221.325	0.598	0.606
221.325	0.598	0.606
221.314	0.598	0.606
221.256	0.598	0.607
221.229	0.598	0.607
221.193	0.598	0.607
221.446	0.598	0.607
220.962	0.598	0.607
220.962	0.598	0.607
220.962	0.598	0.607
220.962	0.598	0.607
221.113	0.598	0.607
220.962	0.598	0.607
221.670	0.598	0.607
220.962	0.598	0.607
220.952	0.598	0.607
220.937	0.598	0.607
220.980	0.598	0.607
220.944	0.598	0.607
220.967	0.598	0.607
220.937	0.598	0.607
220.938	0.598	0.607
220.937	0.598	0.607
220.937	0.598	0.607
220.937	0.598	0.607
220.937	0.598	0.607
220.937	0.598	0.607
222.150	0.598	0.607
220.789	0.598	0.607
220.834	0.598	0.607
220.789	0.598	0.607
220.827	0.598	0.607
220.788	0.598	0.607
220.783	0.598	0.607
220.783	0.598	0.607
220.777	0.598	0.607
220.777	0.598	0.607
220.777	0.598	0.607
220.789	0.598	0.607
220.778	0.598	0.607
220.777	0.598	0.607
220.831	0.598	0.607
220.790	0.598	0.607
220.777	0.598	0.607
220.777	0.598	0.607
220.774	0.598	0.607
220.774	0.598	0.607
220.774	0.598	0.607
220.774	0.598	0.607
220.767	0.598	0.607
220.767	0.598	0.607
220.773	0.598	0.607
220.477	0.599	0.607
220.437	0.599	0.607
220.385	0.599	0.607
220.507	0.599	0.607
220.385	0.599	0.607
220.385	0.599	0.607
220.418	0.599	0.607
220.088	0.599	0.607
220.450	0.599	0.607
220.088	0.599	0.607
220.088	0.599	0.607
220.088	0.599	0.607
220.102	0.599	0.607
220.088	0.599	0.607
221.454	0.599	0.607
220.088	0.599	0.607
220.092	0.599	0.607
219.951	0.599	0.607
219.951	0.599	0.607
219.951	0.599	0.607
219.951	0.599	0.607
219.937	0.599	0.607
219.937	0.599	0.607
219.937	0.599	0.607
219.937	0.599	0.607
219.937	0.599	0.607
219.951	0.599	0.607
219.937	0.599	0.607
219.941	0.599	0.607
219.948	0.599	0.607
219.940	0.599	0.607
219.937	0.599	0.607
219.937	0.599	0.607
219.932	0.599	0.607
219.932	0.599	0.607
219.932	0.599	0.607
219.932	0.599	0.607
219.931	0.599	0.607
219.931	0.599	0.607
219.938	0.599	0.607
219.803	0.599	0.607
219.812	0.599	0.607
220.003	0.599	0.607
219.803	0.599	0.607
219.703	0.599	0.607
219.703	0.599	0.607
219.703	0.599	0.607
219.704	0.599	0.607
219.703	0.599	0.607
219.704	0.599	0.607
219.703	0.599	0.607
220.061	0.599	0.607
219.703	0.599	0.607
219.703	0.599	0.607
219.592	0.599	0.607
219.592	0.599	0.607
219.592	0.599	0.607
219.592	0.599	0.607
219.610	0.599	0.607
219.592	0.599	0.607
223.499	0.599	0.607
219.592	0.599	0.607
219.602	0.599	0.607
219.592	0.599	0.607
219.606	0.599	0.607
219.592	0.599	0.607
219.592	0.599	0.607
219.480	0.599	0.607
219.479	0.599	0.607
219.479	0.599	0.607
219.479	0.599	0.607
219.479	0.599	0.607
219.479	0.599	0.607
219.479	0.599	0.607
218.640	0.599	0.607
218.689	0.599	0.607
218.640	0.599	0.607
218.640	0.599	0.607
218.640	0.599	0.607
218.640	0.599	0.607
218.645	0.599	0.607
218.357	0.599	0.607
218.357	0.599	0.607
218.358	0.599	0.607
218.331	0.599	0.607
218.248	0.599	0.607
218.248	0.599	0.607
218.107	0.599	0.607
218.136	0.599	0.607
218.109	0.599	0.607
218.068	0.599	0.607
218.135	0.599	0.607
218.068	0.599	0.607
218.026	0.599	0.607
218.096	0.599	0.607
218.029	0.599	0.607
218.031	0.599	0.607
218.026	0.599	0.607
218.003	0.599	0.607
228.881	0.599	0.607
218.003	0.599	0.607
218.036	0.599	0.607
218.003	0.599	0.607
218.003	0.599	0.607
218.004	0.599	0.607
218.003	0.599	0.607
218.003	0.599	0.607
218.003	0.599	0.607
218.003	0.599	0.607
218.003	0.599	0.607
218.003	0.599	0.607
218.001	0.599	0.607
218.001	0.599	0.607
218.020	0.599	0.607
218.001	0.599	0.607
218.001	0.599	0.607
218.001	0.599	0.607
218.000	0.599	0.607
218.000	0.599	0.607
217.993	0.599	0.607
217.992	0.599	0.607
217.992	0.599	0.607
218.060	0.599	0.607
217.992	0.599	0.607
217.992	0.599	0.607
217.992	0.599	0.607
217.990	0.599	0.607
217.990	0.599	0.607
218.000	0.599	0.607
217.990	0.599	0.607
217.876	0.599	0.607
217.881	0.599	0.607
217.982	0.599	0.607
217.903	0.599	0.607
217.877	0.599	0.607
217.876	0.599	0.607
217.649	0.599	0.607
217.649	0.599	0.607
217.649	0.599	0.607
217.649	0.599	0.607
217.649	0.599	0.607
217.795	0.599	0.607
217.649	0.599	0.607
217.649	0.599	0.607
217.588	0.599	0.607
217.588	0.599	0.607
217.533	0.599	0.607
217.533	0.599	0.607
217.533	0.599	0.607
217.533	0.599	0.607
217.516	0.599	0.607
217.480	0.599	0.607
217.662	0.599	0.607
217.477	0.599	0.607
217.477	0.599	0.607
217.477	0.599	0.607
217.496	0.599	0.607
217.471	0.599	0.607
217.471	0.599	0.607
217.471	0.599	0.607
217.471	0.599	0.607
217.471	0.599	0.607
217.469	0.599	0.607
217.470	0.599	0.607
217.470	0.599	0.607
217.469	0.599	0.607
218.097	0.599	0.607
217.470	0.599	0.607
217.469	0.599	0.607
217.469	0.599	0.607
217.344	0.599	0.607
217.344	0.599	0.607
217.344	0.599	0.607
216.836	0.598	0.605
217.692	0.598	0.605
216.836	0.598	0.605
216.845	0.598	0.605
216.836	0.598	0.605
216.760	0.598	0.605
216.760	0.598	0.605
216.760	0.598	0.605
216.760	0.598	0.605
216.760	0.598	0.605
216.711	0.598	0.605
216.711	0.598	0.605
216.711	0.598	0.605
216.712	0.598	0.605
216.723	0.598	0.605
216.710	0.598	0.605
216.710	0.598	0.605
216.710	0.598	0.605
216.710	0.598	0.605
216.607	0.598	0.605
216.650	0.598	0.605
216.556	0.598	0.605
216.556	0.598	0.605
216.586	0.598	0.605
216.556	0.598	0.605
220.294	0.598	0.605
216.579	0.598	0.605
216.556	0.598	0.605
216.372	0.598	0.605
216.404	0.598	0.605
216.362	0.598	0.605
216.362	0.598	0.605
216.416	0.598	0.605
216.362	0.598	0.605
216.352	0.598	0.605
216.405	0.598	0.605
216.356	0.598	0.605
216.508	0.598	0.605
216.329	0.598	0.605
216.329	0.598	0.605
216.333	0.598	0.605
216.328	0.598	0.605
216.328	0.598	0.605
216.340	0.598	0.605
216.327	0.598	0.605
216.324	0.598	0.605
216.324	0.598	0.605
216.323	0.598	0.605
216.323	0.598	0.605
216.317	0.598	0.605
216.317	0.598	0.605
216.317	0.598	0.605
216.317	0.598	0.605
216.446	0.598	0.605
216.246	0.598	0.605
216.246	0.598	0.605
216.246	0.598	0.605
216.245	0.598	0.605
216.236	0.598	0.605
216.232	0.598	0.605
216.101	0.598	0.605
216.101	0.598	0.605
216.100	0.598	0.605
216.051	0.598	0.605
216.170	0.598	0.605
216.051	0.598	0.605
216.215	0.598	0.605
216.049	0.598	0.605
216.210	0.598	0.605
216.049	0.598	0.605
216.064	0.598	0.605
216.049	0.598	0.605
216.049	0.598	0.605
216.049	0.598	0.605
216.049	0.598	0.605
216.061	0.598	0.605
216.049	0.598	0.605
216.049	0.598	0.605
216.161	0.598	0.605
216.048	0.598	0.605
216.048	0.598	0.605
215.977	0.598	0.605
215.875	0.598	0.605
215.875	0.598	0.605
216.303	0.598	0.605
215.875	0.598	0.605
215.869	0.598	0.605
215.803	0.598	0.605
215.803	0.598	0.605
215.803	0.598	0.605
215.803	0.598	0.605
215.798	0.598	0.605
215.798	0.598	0.605
215.798	0.598	0.605
215.798	0.598	0.605
215.813	0.598	0.605
215.798	0.598	0.605
215.781	0.598	0.605
215.786	0.598	0.605
215.796	0.598	0.605
215.781	0.598	0.605
215.775	0.598	0.605
215.771	0.598	0.605
215.723	0.598	0.605
215.776	0.598	0.605
215.723	0.598	0.605
215.793	0.598	0.605
215.723	0.598	0.605
215.744	0.598	0.605
215.724	0.598	0.605
215.723	0.598	0.605
215.702	0.598	0.605
215.683	0.598	0.605
215.688	0.598	0.605
215.683	0.598	0.605
215.683	0.598	0.605
215.683	0.598	0.605
215.789	0.598	0.605
215.683	0.598	0.605
215.683	0.598	0.605
215.683	0.598	0.605
216.205	0.598	0.605
215.615	0.598	0.605
215.588	0.598	0.605
215.590	0.598	0.605
215.588	0.598	0.605
215.588	0.598	0.605
215.588	0.598	0.605
215.598	0.598	0.605
215.588	0.598	0.605
215.620	0.598	0.605
215.580	0.598	0.605
215.580	0.598	0.605
215.585	0.598	0.605
212.353	0.601	0.597
212.353	0.601	0.597
212.374	0.601	0.597
212.232	0.601	0.597
212.232	0.601	0.597
212.233	0.601	0.597
212.230	0.601	0.597
212.230	0.601	0.597
212.256	0.601	0.597
212.230	0.601	0.597
212.237	0.601	0.597
212.230	0.601	0.597
212.229	0.601	0.597
212.228	0.601	0.597
212.228	0.601	0.597
212.230	0.601	0.597
212.228	0.601	0.597
212.226	0.601	0.597
212.224	0.601	0.597
212.225	0.601	0.597
212.352	0.601	0.597
212.224	0.601	0.597
212.224	0.601	0.597
212.224	0.601	0.597
212.224	0.601	0.597
212.224	0.601	0.597
212.236	0.601	0.597
212.224	0.601	0.597
212.186	0.601	0.597
212.184	0.601	0.597
212.184	0.601	0.597
212.184	0.601	0.597
212.189	0.601	0.597
212.184	0.601	0.597
212.184	0.601	0.597
212.184	0.601	0.597
212.180	0.601	0.597
212.220	0.601	0.597
212.206	0.601	0.597
212.180	0.601	0.597
212.180	0.601	0.597
211.342	0.601	0.597
211.341	0.601	0.597
211.571	0.601	0.597
211.341	0.601	0.597
211.351	0.601	0.597
211.341	0.601	0.597
211.420	0.601	0.597
210.338	0.601	0.597
210.335	0.601	0.597
210.335	0.601	0.597
210.243	0.601	0.597
210.244	0.601	0.597
210.303	0.601	0.597
210.158	0.601	0.597
210.173	0.601	0.597
210.158	0.601	0.597
210.151	0.601	0.597
210.151	0.601	0.597
210.151	0.601	0.597
216.080	0.601	0.597
210.150	0.601	0.597
210.149	0.601	0.597
210.149	0.601	0.597
210.149	0.601	0.597
210.149	0.601	0.597
210.165	0.601	0.597
210.150	0.601	0.597
210.172	0.601	0.597
210.144	0.601	0.597
210.142	0.601	0.597
210.141	0.601	0.597
210.141	0.601	0.597
210.141	0.601	0.597
210.141	0.601	0.597
210.141	0.601	0.597
210.141	0.601	0.597
210.045	0.601	0.597
210.022	0.601	0.597
210.045	0.601	0.597
211.757	0.601	0.597
210.022	0.601	0.597
210.022	0.601	0.597
209.998	0.601	0.597
210.013	0.601	0.597
209.998	0.601	0.597
209.565	0.603	0.599
209.565	0.603	0.599
209.479	0.603	0.599
209.482	0.603	0.599
209.489	0.603	0.599
209.479	0.603	0.599
209.491	0.603	0.599
209.479	0.603	0.599
209.476	0.603	0.599
209.476	0.603	0.599
209.476	0.603	0.599
209.476	0.603	0.599
209.473	0.603	0.599
209.477	0.603	0.599
209.474	0.603	0.599
209.473	0.603	0.599
209.473	0.603	0.599
209.474	0.603	0.599
209.474	0.603	0.599
209.472	0.603	0.599
209.472	0.603	0.599
209.472	0.603	0.599
209.472	0.603	0.599
209.463	0.603	0.600
209.463	0.603	0.600
212.575	0.603	0.600
209.463	0.603	0.600
209.480	0.603	0.600
209.529	0.603	0.600
209.570	0.603	0.600

Error results for SA
---------------------------
234.278	0.559	0.566
234.263	0.559	0.566
234.269	0.559	0.566
234.269	0.559	0.566
234.268	0.559	0.566
234.297	0.559	0.566
234.232	0.559	0.566
234.228	0.559	0.566
234.153	0.560	0.566
232.902	0.556	0.557
232.481	0.558	0.559
232.549	0.558	0.559
232.549	0.558	0.559
232.541	0.558	0.559
232.541	0.558	0.559
232.541	0.558	0.559
232.522	0.558	0.559
232.475	0.558	0.559
229.630	0.552	0.550
229.632	0.552	0.550
229.624	0.552	0.550
229.630	0.552	0.550
229.630	0.552	0.550
229.679	0.552	0.550
229.827	0.549	0.550
229.827	0.549	0.550
229.827	0.549	0.550
229.827	0.549	0.550
229.814	0.549	0.550
229.814	0.549	0.550
229.813	0.549	0.550
229.796	0.549	0.550
229.796	0.549	0.550
229.899	0.548	0.550
229.899	0.548	0.550
229.899	0.548	0.550
230.044	0.548	0.550
229.973	0.548	0.550
229.989	0.548	0.550
229.990	0.548	0.550
230.202	0.547	0.549
230.203	0.547	0.549
230.031	0.548	0.550
230.031	0.548	0.550
230.031	0.548	0.550
230.023	0.548	0.550
230.023	0.548	0.550
230.026	0.548	0.550
230.011	0.548	0.550
230.012	0.548	0.550
230.014	0.548	0.550
230.014	0.548	0.550
229.966	0.549	0.550
229.955	0.549	0.550
229.955	0.549	0.550
229.955	0.549	0.550
229.926	0.549	0.550
232.685	0.556	0.561
233.077	0.555	0.560
233.128	0.555	0.560
232.505	0.556	0.561
232.579	0.555	0.560
232.579	0.555	0.560
232.579	0.555	0.560
232.580	0.555	0.560
232.415	0.556	0.561
233.053	0.559	0.563
233.053	0.559	0.563
233.327	0.558	0.563
233.231	0.559	0.563
233.231	0.559	0.563
233.175	0.559	0.563
233.436	0.559	0.561
233.432	0.559	0.561
233.432	0.559	0.561
233.436	0.558	0.563
233.436	0.558	0.563
233.504	0.558	0.562
235.908	0.551	0.554
235.906	0.551	0.554
235.901	0.551	0.554
235.925	0.551	0.554
235.728	0.553	0.555
235.627	0.553	0.555
235.570	0.553	0.555
235.586	0.553	0.555
238.750	0.555	0.560
236.933	0.524	0.510
236.945	0.524	0.510
236.945	0.524	0.510
236.945	0.524	0.510
236.945	0.524	0.510
237.230	0.523	0.510
237.232	0.523	0.510
237.207	0.523	0.510
237.164	0.523	0.510
237.067	0.523	0.510
237.067	0.523	0.510
237.080	0.523	0.510
237.080	0.523	0.510
237.083	0.523	0.510
237.083	0.523	0.510
237.245	0.523	0.510
237.300	0.523	0.510
237.300	0.523	0.510
237.323	0.523	0.510
237.323	0.523	0.510
237.294	0.523	0.510
236.504	0.502	0.493
236.504	0.502	0.493
236.504	0.502	0.493
236.533	0.502	0.493
236.514	0.502	0.493
236.423	0.503	0.493
236.421	0.503	0.493
236.437	0.502	0.493
236.436	0.502	0.493
236.525	0.501	0.491
236.622	0.502	0.489
236.600	0.502	0.489
236.600	0.502	0.489
236.690	0.502	0.488
237.702	0.496	0.472
237.856	0.495	0.472
237.856	0.495	0.472
237.659	0.497	0.473
237.652	0.497	0.474
237.792	0.496	0.473
237.771	0.496	0.474
237.772	0.496	0.474
237.772	0.496	0.474
237.772	0.496	0.474
237.715	0.497	0.476
237.732	0.496	0.476
237.944	0.495	0.473
237.940	0.495	0.473
237.940	0.495	0.473
237.993	0.494	0.472
238.268	0.493	0.472
238.267	0.493	0.472
238.267	0.493	0.472
238.264	0.493	0.472
238.270	0.493	0.472
238.270	0.493	0.472
238.436	0.491	0.472
238.439	0.491	0.472
238.538	0.490	0.472
238.647	0.489	0.471
238.453	0.489	0.471
238.453	0.489	0.471
238.619	0.488	0.471
238.619	0.488	0.471
238.688	0.487	0.471
238.688	0.487	0.471
238.688	0.487	0.471
238.706	0.487	0.470
238.705	0.487	0.470
238.764	0.487	0.470
238.764	0.487	0.470
238.768	0.487	0.470
238.768	0.487	0.470
238.768	0.487	0.470
238.771	0.487	0.470
238.771	0.487	0.470
238.431	0.490	0.471
238.440	0.490	0.472
238.440	0.490	0.472
238.408	0.490	0.472
238.428	0.490	0.472
238.416	0.490	0.472
238.482	0.490	0.472
239.628	0.554	0.555
239.630	0.554	0.555
239.627	0.554	0.555
239.627	0.554	0.555
239.547	0.555	0.555
239.528	0.555	0.555
234.955	0.535	0.536
234.983	0.535	0.536
234.983	0.535	0.536
235.216	0.550	0.549
235.233	0.550	0.548
235.233	0.550	0.548
235.402	0.549	0.548
234.973	0.551	0.551
234.912	0.552	0.551
234.903	0.552	0.551
234.903	0.552	0.551
234.884	0.552	0.551
234.831	0.552	0.552
234.831	0.552	0.552
234.831	0.552	0.552
234.830	0.552	0.552
234.830	0.552	0.552
234.830	0.552	0.552
234.836	0.552	0.552
234.836	0.552	0.552
234.818	0.552	0.552
234.795	0.552	0.552
234.737	0.552	0.552
234.737	0.552	0.552
234.737	0.552	0.552
234.737	0.552	0.552
234.784	0.552	0.552
234.784	0.552	0.552
234.784	0.552	0.552
234.785	0.552	0.552
234.785	0.552	0.552
234.774	0.552	0.552
234.857	0.552	0.552
234.857	0.552	0.552
234.843	0.552	0.552
234.839	0.552	0.552
234.836	0.552	0.552
234.871	0.552	0.552
234.867	0.552	0.552
234.867	0.552	0.552
234.948	0.551	0.551
234.955	0.551	0.551
234.789	0.552	0.551
234.789	0.552	0.551
234.772	0.552	0.551
234.772	0.552	0.551
234.834	0.552	0.551
234.708	0.552	0.551
234.718	0.552	0.551
234.718	0.552	0.551
234.539	0.552	0.552
234.719	0.552	0.552
234.719	0.552	0.552
234.712	0.552	0.552
234.464	0.552	0.552
234.467	0.552	0.552
234.467	0.552	0.552
234.512	0.552	0.552
234.502	0.552	0.552
234.457	0.552	0.552
234.457	0.552	0.552
234.410	0.552	0.552
234.486	0.552	0.552
234.340	0.552	0.552
234.340	0.552	0.552
234.341	0.552	0.552
234.341	0.552	0.552
234.391	0.552	0.552
234.364	0.552	0.552
234.364	0.552	0.552
234.364	0.552	0.552
234.498	0.552	0.552
235.014	0.548	0.550
235.017	0.548	0.550
235.018	0.548	0.550
235.056	0.547	0.550
235.056	0.547	0.550
235.057	0.547	0.550
235.020	0.548	0.550
235.016	0.548	0.550
235.016	0.548	0.550
235.016	0.548	0.550
235.027	0.548	0.550
235.029	0.548	0.550
235.035	0.548	0.550
235.035	0.548	0.550
233.693	0.551	0.551
233.693	0.551	0.551
233.255	0.552	0.552
235.490	0.546	0.549
232.140	0.540	0.545
232.043	0.540	0.545
232.041	0.540	0.545
232.039	0.540	0.545
231.774	0.540	0.545
231.785	0.540	0.545
231.815	0.540	0.545
232.247	0.540	0.545
232.271	0.540	0.545
232.272	0.540	0.545
232.049	0.540	0.545
242.566	0.540	0.545
232.051	0.540	0.545
232.047	0.540	0.545
231.981	0.540	0.545
231.871	0.540	0.545
231.871	0.540	0.545
231.871	0.540	0.545
231.859	0.540	0.545
231.856	0.540	0.545
231.856	0.540	0.545
231.856	0.540	0.545
231.856	0.540	0.545
231.831	0.540	0.545
231.831	0.540	0.545
231.831	0.540	0.545
231.831	0.540	0.545
231.829	0.540	0.545
231.844	0.540	0.545
231.778	0.540	0.545
231.832	0.540	0.545
231.820	0.540	0.545
231.854	0.540	0.545
231.854	0.540	0.545
231.854	0.540	0.545
231.854	0.540	0.545
231.850	0.540	0.545
231.927	0.539	0.545
231.712	0.541	0.545
231.712	0.541	0.545
231.712	0.541	0.545
231.730	0.541	0.545
231.688	0.541	0.545
231.728	0.541	0.543
231.693	0.541	0.543
231.696	0.541	0.543
231.696	0.541	0.543
231.702	0.541	0.543
231.717	0.541	0.543
231.717	0.541	0.543
230.904	0.543	0.544
230.904	0.543	0.544
231.008	0.543	0.542
230.931	0.543	0.542
230.540	0.545	0.549
230.540	0.545	0.549
230.540	0.545	0.549
230.540	0.545	0.549
230.540	0.545	0.549
230.540	0.545	0.549
230.540	0.545	0.549
230.621	0.546	0.549
230.621	0.546	0.549
230.621	0.546	0.549
230.621	0.546	0.549
230.621	0.546	0.549
234.670	0.546	0.549
230.632	0.546	0.549
230.582	0.546	0.549
230.582	0.546	0.549
230.582	0.546	0.549
230.582	0.546	0.549
231.494	0.543	0.542
231.494	0.543	0.542
231.339	0.543	0.542
231.339	0.543	0.542
231.339	0.543	0.542
231.265	0.543	0.542
231.259	0.543	0.542
231.259	0.543	0.542
231.294	0.543	0.542
231.294	0.543	0.542
231.296	0.543	0.542
231.282	0.543	0.542
231.358	0.543	0.542
231.352	0.543	0.542
231.352	0.543	0.542
231.361	0.543	0.542
231.361	0.543	0.542
231.362	0.543	0.542
231.309	0.543	0.541
231.310	0.543	0.541
231.320	0.543	0.541
238.047	0.543	0.541
231.320	0.543	0.541
231.325	0.543	0.541
231.328	0.543	0.541
231.328	0.543	0.541
231.326	0.543	0.541
231.302	0.543	0.541
231.318	0.543	0.541
231.301	0.543	0.541
231.302	0.543	0.541
231.302	0.543	0.541
231.302	0.543	0.541
231.292	0.543	0.541
231.226	0.544	0.541
231.226	0.544	0.541
231.225	0.544	0.541
231.285	0.544	0.541
231.285	0.544	0.541
231.353	0.544	0.541
231.284	0.544	0.541
230.948	0.547	0.542
230.947	0.547	0.542
231.201	0.547	0.542
230.947	0.547	0.542
231.114	0.547	0.542
233.328	0.547	0.542
231.114	0.547	0.542
231.115	0.547	0.542
230.871	0.547	0.543
230.869	0.547	0.543
230.869	0.547	0.543
230.885	0.547	0.543
230.870	0.547	0.543
230.866	0.547	0.543
230.866	0.547	0.543
230.872	0.547	0.543
230.872	0.547	0.543
230.872	0.547	0.543
230.876	0.547	0.543
230.876	0.547	0.543
230.876	0.547	0.543
230.876	0.547	0.543
230.872	0.547	0.543
230.870	0.547	0.543
230.637	0.547	0.545
230.593	0.547	0.545
230.592	0.547	0.545
230.611	0.547	0.545
231.360	0.547	0.545
230.613	0.547	0.545
231.121	0.547	0.545
230.613	0.547	0.545
230.613	0.547	0.545
230.625	0.547	0.545
230.613	0.547	0.545
230.613	0.547	0.545
230.935	0.547	0.545
230.625	0.547	0.545
230.405	0.547	0.545
230.381	0.547	0.545
230.456	0.547	0.545
230.360	0.547	0.545
230.355	0.547	0.545
230.356	0.547	0.545
230.323	0.547	0.545
230.684	0.547	0.545
230.323	0.547	0.545
230.312	0.547	0.545
230.312	0.547	0.545
230.312	0.547	0.545
230.312	0.547	0.545
230.310	0.547	0.545
230.310	0.547	0.545
230.066	0.549	0.545
230.099	0.549	0.545
230.066	0.549	0.545
230.066	0.549	0.545
229.924	0.549	0.545
229.920	0.549	0.545
229.919	0.549	0.545
229.919	0.549	0.545
229.919	0.549	0.545
245.865	0.549	0.545
230.041	0.549	0.545
229.895	0.549	0.545
229.924	0.549	0.545
229.892	0.549	0.545
229.892	0.549	0.545
229.892	0.549	0.545
230.232	0.549	0.545
229.899	0.549	0.545
229.764	0.549	0.545
229.764	0.549	0.545
230.003	0.549	0.545
229.771	0.549	0.545
229.760	0.549	0.545
229.761	0.549	0.545
229.761	0.549	0.545
229.749	0.549	0.545
229.749	0.549	0.545
229.756	0.549	0.545
229.749	0.549	0.545
229.667	0.549	0.546
229.150	0.550	0.546
229.189	0.550	0.546
229.150	0.550	0.546
229.188	0.550	0.546
229.159	0.550	0.546
229.142	0.550	0.546
229.143	0.550	0.546
229.143	0.550	0.546
229.125	0.550	0.546
228.914	0.551	0.546
228.911	0.551	0.546
228.910	0.551	0.546
228.929	0.551	0.546
228.913	0.551	0.546
228.910	0.551	0.546
228.910	0.551	0.546
229.007	0.551	0.546
228.908	0.551	0.546
228.908	0.551	0.546
228.910	0.551	0.546
228.860	0.551	0.546
228.802	0.551	0.546
228.802	0.551	0.546
228.805	0.551	0.546
228.842	0.551	0.546
228.810	0.551	0.546
228.837	0.551	0.546
228.836	0.551	0.546
228.804	0.551	0.546
228.802	0.551	0.546
228.807	0.551	0.546
228.778	0.551	0.546
228.779	0.551	0.546
228.778	0.551	0.546
228.777	0.551	0.546
228.777	0.551	0.546
228.786	0.551	0.546
230.188	0.551	0.546
228.789	0.551	0.546
229.055	0.551	0.546
228.757	0.551	0.546
228.766	0.551	0.546
228.615	0.551	0.546
228.677	0.551	0.546
228.615	0.551	0.546
228.615	0.551	0.546
228.621	0.551	0.546
228.616	0.551	0.546
238.820	0.551	0.546
228.615	0.551	0.546
228.467	0.551	0.547
228.459	0.551	0.547
228.459	0.551	0.547
228.458	0.551	0.547
228.458	0.551	0.547
228.458	0.551	0.547
228.458	0.551	0.547
228.454	0.551	0.547
228.477	0.551	0.547
228.467	0.551	0.547
228.455	0.551	0.547
228.454	0.551	0.547
228.454	0.551	0.547
228.179	0.551	0.547
228.177	0.551	0.547
228.177	0.551	0.547
228.171	0.551	0.547
228.173	0.551	0.547
228.171	0.551	0.547
228.099	0.551	0.547
228.099	0.551	0.547
228.092	0.551	0.547
228.092	0.551	0.547
228.092	0.551	0.547
228.172	0.551	0.547
228.092	0.551	0.547
228.218	0.551	0.547
228.089	0.551	0.547
228.206	0.551	0.547
227.303	0.552	0.549
227.303	0.552	0.549
227.336	0.552	0.549
227.303	0.552	0.549
227.610	0.552	0.549
227.003	0.552	0.549
226.999	0.552	0.549
226.999	0.552	0.549
226.999	0.552	0.549
226.999	0.552	0.549
226.999	0.552	0.549
230.231	0.552	0.549
227.001	0.552	0.549
227.034	0.552	0.549
227.004	0.552	0.549
227.028	0.552	0.549
226.999	0.552	0.549
226.997	0.552	0.549
226.997	0.552	0.549
227.186	0.552	0.549
226.995	0.552	0.549
226.954	0.552	0.550
226.963	0.552	0.550
226.954	0.552	0.550
226.954	0.552	0.550
226.954	0.552	0.550
226.908	0.552	0.550
226.908	0.552	0.550
226.909	0.552	0.550
226.910	0.552	0.550
226.913	0.552	0.550
226.936	0.552	0.550
226.908	0.552	0.550
226.948	0.552	0.550
226.908	0.552	0.550
226.868	0.552	0.550
226.868	0.552	0.550
226.868	0.552	0.550
226.887	0.552	0.550
226.955	0.552	0.550
226.868	0.552	0.550
226.842	0.552	0.550
226.961	0.552	0.550
226.852	0.552	0.550
226.845	0.552	0.550
226.842	0.552	0.550
226.824	0.552	0.550
226.834	0.552	0.550
226.824	0.552	0.550
226.828	0.552	0.550
232.496	0.552	0.550
226.828	0.552	0.550
226.937	0.552	0.550
226.824	0.552	0.550
232.290	0.552	0.550
226.824	0.552	0.550
226.820	0.552	0.550
226.820	0.552	0.550
226.817	0.552	0.550
226.817	0.552	0.550
226.852	0.552	0.550
226.806	0.552	0.550
226.805	0.552	0.550
226.793	0.552	0.550
226.793	0.552	0.550
226.793	0.552	0.550
226.793	0.552	0.550
226.793	0.552	0.550
226.806	0.552	0.550
226.793	0.552	0.550
226.618	0.552	0.550
226.618	0.552	0.550
226.668	0.552	0.550
226.617	0.552	0.550
226.617	0.552	0.550
226.617	0.552	0.550
226.376	0.554	0.550
226.376	0.554	0.550
226.376	0.554	0.550
226.443	0.554	0.550
226.372	0.554	0.550
226.410	0.554	0.550
226.496	0.554	0.550
228.751	0.554	0.550
226.148	0.554	0.551
226.148	0.554	0.551
226.112	0.554	0.551
226.112	0.554	0.551
226.118	0.554	0.551
226.174	0.554	0.551
226.112	0.554	0.551
226.102	0.554	0.551
226.096	0.554	0.551
225.519	0.554	0.551
225.518	0.554	0.551
225.529	0.554	0.551
225.518	0.554	0.551
225.579	0.554	0.551
225.529	0.554	0.551
225.514	0.554	0.551
225.501	0.554	0.551
225.429	0.554	0.551
225.421	0.554	0.551
225.421	0.554	0.551
225.422	0.554	0.551
225.383	0.554	0.552
225.383	0.554	0.552
225.390	0.554	0.552
225.370	0.554	0.552
225.370	0.554	0.552
227.035	0.554	0.552
225.386	0.554	0.552
227.744	0.554	0.552
225.370	0.554	0.552
225.370	0.554	0.552
225.370	0.554	0.552
225.370	0.554	0.552
225.371	0.554	0.552
225.372	0.554	0.552
225.370	0.554	0.552
225.267	0.554	0.552
225.257	0.554	0.552
225.259	0.554	0.552
225.334	0.554	0.552
225.600	0.554	0.552
225.401	0.554	0.552
225.257	0.554	0.552
225.653	0.554	0.552
225.282	0.554	0.552
225.249	0.554	0.552
225.246	0.554	0.552
225.246	0.554	0.552
225.271	0.554	0.552
225.250	0.554	0.552
225.248	0.554	0.552
225.247	0.554	0.552
225.239	0.554	0.553
225.266	0.554	0.553
225.545	0.554	0.553
225.228	0.554	0.553
225.228	0.554	0.553
225.239	0.554	0.553
225.228	0.554	0.553
225.284	0.554	0.553
225.219	0.554	0.553
225.219	0.554	0.553
225.219	0.554	0.553
225.219	0.554	0.553
225.220	0.554	0.553
225.219	0.554	0.553
225.219	0.554	0.553
225.219	0.554	0.553
225.225	0.554	0.553
225.480	0.554	0.553
225.219	0.554	0.553
225.237	0.554	0.553
225.200	0.554	0.553
225.195	0.554	0.553
225.180	0.554	0.553
225.213	0.554	0.553
225.180	0.554	0.553
225.180	0.554	0.553
225.089	0.554	0.553
225.083	0.554	0.553
225.075	0.554	0.553
225.069	0.554	0.553
225.069	0.554	0.553
225.069	0.554	0.553
225.069	0.554	0.553
225.069	0.554	0.553
225.057	0.554	0.553
225.057	0.554	0.553
225.060	0.554	0.553
224.998	0.554	0.553
224.998	0.554	0.553
224.998	0.554	0.553
224.987	0.554	0.553
224.987	0.554	0.553
224.987	0.554	0.553
224.987	0.554	0.553
224.987	0.554	0.553
225.094	0.554	0.553
224.981	0.554	0.553
224.981	0.554	0.553
224.981	0.554	0.553
224.950	0.554	0.553
224.951	0.554	0.553
225.069	0.554	0.553
224.970	0.554	0.553
224.954	0.554	0.553
224.950	0.554	0.553
224.952	0.554	0.553
224.972	0.554	0.553
225.139	0.554	0.553
224.908	0.554	0.553
224.919	0.554	0.553
224.905	0.554	0.553
225.014	0.554	0.553
224.905	0.554	0.553
225.004	0.554	0.553
224.811	0.554	0.553
224.811	0.554	0.553
224.811	0.554	0.553
224.811	0.554	0.553
224.800	0.554	0.553
224.839	0.554	0.553
224.800	0.554	0.553
224.568	0.558	0.558
224.568	0.558	0.558
224.556	0.558	0.558
224.582	0.558	0.558
224.614	0.558	0.558
224.588	0.558	0.558
224.556	0.558	0.558
224.957	0.558	0.558
224.557	0.558	0.558
224.556	0.558	0.558
224.556	0.558	0.558
224.556	0.558	0.558
224.556	0.558	0.558
224.556	0.558	0.558
224.556	0.558	0.558
224.581	0.558	0.558
224.602	0.558	0.558
224.556	0.558	0.558
224.561	0.558	0.558
224.535	0.558	0.558
224.535	0.558	0.558
224.535	0.558	0.558
224.533	0.558	0.558
224.550	0.558	0.558
224.737	0.558	0.558
224.583	0.558	0.558
224.534	0.558	0.558
226.863	0.558	0.558
224.591	0.558	0.558
224.488	0.558	0.558
224.488	0.558	0.558
224.486	0.558	0.558
224.486	0.558	0.558
224.486	0.558	0.558
224.486	0.558	0.558
224.484	0.558	0.558
224.456	0.558	0.558
224.457	0.558	0.558
224.456	0.558	0.558
224.456	0.558	0.558
224.456	0.558	0.558
224.456	0.558	0.558
224.456	0.558	0.558
224.446	0.558	0.558
224.408	0.558	0.558
222.924	0.561	0.561
222.938	0.561	0.561
222.931	0.561	0.561
222.924	0.561	0.561
222.924	0.561	0.561
222.940	0.561	0.561
222.980	0.561	0.561
222.926	0.561	0.561
222.888	0.561	0.561
222.871	0.561	0.561
222.871	0.561	0.561
222.871	0.561	0.561
222.871	0.561	0.561
222.818	0.561	0.561
222.944	0.561	0.561
222.806	0.561	0.561
222.788	0.561	0.561
222.788	0.561	0.561
222.824	0.561	0.561
222.778	0.561	0.561
222.136	0.569	0.573
222.134	0.569	0.573
222.136	0.569	0.573
222.134	0.569	0.573
222.141	0.569	0.573
222.134	0.569	0.573
222.134	0.569	0.573
222.029	0.570	0.573
222.029	0.570	0.573
222.028	0.570	0.573
222.005	0.570	0.573
222.005	0.570	0.573
222.005	0.570	0.573
222.005	0.570	0.573
222.005	0.570	0.573
222.005	0.570	0.573
222.005	0.570	0.573
222.016	0.570	0.573
222.005	0.570	0.573
222.005	0.570	0.573
222.005	0.570	0.573
222.005	0.570	0.573
222.005	0.570	0.573
221.936	0.570	0.573
221.932	0.570	0.573
221.936	0.570	0.573
221.932	0.570	0.573
221.932	0.570	0.573
221.932	0.570	0.573
221.934	0.570	0.573
221.936	0.570	0.573
221.950	0.570	0.573
221.768	0.570	0.574
221.988	0.570	0.574
221.799	0.570	0.574
221.768	0.570	0.574
221.809	0.570	0.574
221.767	0.570	0.574
221.423	0.572	0.576
221.423	0.572	0.576
221.415	0.572	0.576
221.370	0.572	0.576
221.370	0.572	0.576
221.310	0.572	0.576
220.901	0.575	0.579
220.373	0.568	0.560
220.340	0.568	0.560
220.340	0.568	0.560
220.340	0.568	0.560
220.340	0.568	0.560
220.335	0.568	0.560
220.352	0.568	0.560
220.559	0.568	0.560
220.335	0.568	0.560
220.330	0.568	0.560
220.331	0.568	0.560
220.330	0.568	0.560
220.330	0.568	0.560
220.513	0.568	0.560
220.330	0.568	0.560
220.330	0.568	0.560
220.330	0.568	0.560
220.344	0.568	0.560
220.330	0.568	0.560
220.332	0.568	0.560
220.330	0.568	0.560
220.311	0.568	0.560
220.311	0.568	0.560
220.265	0.568	0.560
220.269	0.568	0.560
220.268	0.568	0.560
220.263	0.568	0.560
220.263	0.568	0.560
220.263	0.568	0.560
220.263	0.568	0.560
220.263	0.568	0.560
220.263	0.568	0.560
220.262	0.568	0.560
220.263	0.568	0.560
220.262	0.568	0.560
220.292	0.568	0.560
220.262	0.568	0.560
219.785	0.569	0.560
219.785	0.569	0.560
219.785	0.569	0.560
219.788	0.569	0.560
219.767	0.569	0.559
219.767	0.569	0.559
219.877	0.569	0.559
219.752	0.569	0.559
219.744	0.569	0.559
219.744	0.569	0.559
219.744	0.569	0.559
219.744	0.569	0.559
219.726	0.569	0.560
219.726	0.569	0.560
219.727	0.569	0.560
219.726	0.569	0.560
219.737	0.569	0.560
219.518	0.569	0.560
219.558	0.569	0.560
219.505	0.569	0.560
221.947	0.569	0.560
219.457	0.569	0.562
219.457	0.569	0.562
219.424	0.569	0.562
219.424	0.569	0.562
219.410	0.569	0.562
219.513	0.569	0.562
219.459	0.569	0.562
219.385	0.569	0.562
219.387	0.569	0.562
219.385	0.569	0.562
219.385	0.569	0.562
219.385	0.569	0.562
219.423	0.569	0.562
219.458	0.569	0.562
219.385	0.569	0.562
219.383	0.569	0.562
219.388	0.569	0.562
219.383	0.569	0.562
219.459	0.569	0.562
219.434	0.569	0.562
219.625	0.569	0.562
219.383	0.569	0.562
219.383	0.569	0.562
219.383	0.569	0.562
219.378	0.569	0.562
219.378	0.569	0.562
219.377	0.569	0.562
219.329	0.569	0.562
219.315	0.568	0.562
219.299	0.568	0.563
219.299	0.568	0.563
219.297	0.568	0.563
219.297	0.568	0.563
219.298	0.568	0.563
219.297	0.568	0.563
219.297	0.568	0.563
221.374	0.568	0.563
219.297	0.568	0.563
219.302	0.568	0.563
219.262	0.568	0.563
219.263	0.568	0.563
219.258	0.568	0.563
219.258	0.568	0.563
220.244	0.568	0.563
219.258	0.568	0.563
219.218	0.568	0.563
219.218	0.568	0.563
219.218	0.568	0.563
219.217	0.568	0.563
219.217	0.568	0.563
219.075	0.568	0.563
219.075	0.568	0.563
218.878	0.570	0.565
218.892	0.570	0.565
218.931	0.570	0.565
218.878	0.570	0.565
218.878	0.570	0.565
218.880	0.570	0.565
218.878	0.570	0.565
218.878	0.570	0.565
218.877	0.570	0.565
218.877	0.570	0.565
218.877	0.570	0.565
218.852	0.570	0.565
218.879	0.570	0.565
218.617	0.570	0.566
218.617	0.570	0.566
218.617	0.570	0.566
218.617	0.570	0.566
218.616	0.570	0.566
218.701	0.570	0.566
218.602	0.570	0.567
218.602	0.570	0.567
218.602	0.570	0.567
218.526	0.571	0.568
218.575	0.571	0.568
218.526	0.571	0.568
218.563	0.571	0.568
218.234	0.572	0.568
218.244	0.572	0.568
218.234	0.572	0.568
218.019	0.572	0.569
218.055	0.572	0.569

Error results for GA
---------------------------
233.209	0.724	0.728
423.285	0.609	0.615
254.661	0.609	0.615
239.885	0.600	0.594
308.150	0.653	0.661
234.829	0.653	0.661
259.782	0.650	0.651
236.785	0.597	0.602
243.878	0.655	0.666
220.811	0.655	0.666
224.512	0.655	0.666
295.196	0.592	0.596
244.413	0.576	0.579
351.421	0.583	0.587
316.453	0.693	0.688
250.834	0.693	0.688
238.929	0.667	0.671
235.979	0.590	0.594
249.322	0.652	0.656
306.013	0.615	0.623
294.683	0.599	0.600
250.463	0.655	0.670
284.424	0.655	0.670
219.174	0.657	0.667
246.687	0.657	0.667
349.603	0.655	0.670
316.953	0.655	0.670
224.340	0.655	0.670
252.901	0.635	0.663
248.733	0.611	0.613
262.686	0.611	0.613
259.342	0.611	0.613
263.306	0.593	0.602
226.999	0.593	0.602
233.577	0.593	0.602
285.981	0.593	0.602
243.363	0.593	0.602
267.678	0.593	0.602
318.252	0.593	0.602
229.402	0.593	0.602
337.802	0.593	0.602
252.393	0.593	0.602
289.020	0.593	0.602
215.585	0.706	0.731
253.463	0.687	0.666
380.426	0.642	0.673
294.270	0.642	0.673
231.638	0.672	0.678
298.513	0.620	0.602
240.857	0.620	0.602
269.504	0.613	0.608
254.884	0.654	0.686
251.699	0.644	0.651
246.742	0.586	0.593
231.410	0.586	0.593
245.889	0.586	0.593
249.936	0.586	0.593
254.882	0.757	0.752
236.371	0.646	0.644
268.430	0.675	0.663
220.067	0.759	0.756
269.360	0.759	0.756
231.601	0.759	0.756
244.099	0.661	0.680
197.285	0.661	0.680
220.835	0.598	0.600
218.371	0.598	0.600
280.034	0.693	0.728
228.896	0.655	0.672
220.184	0.626	0.624
234.254	0.693	0.722
283.211	0.693	0.722
234.106	0.693	0.722
247.046	0.632	0.642
243.779	0.693	0.722
276.276	0.693	0.722
273.177	0.597	0.609
256.176	0.645	0.652
309.386	0.622	0.615
250.590	0.622	0.615
227.978	0.582	0.586
219.656	0.675	0.671
320.208	0.675	0.671
225.452	0.675	0.671
250.303	0.675	0.671
231.660	0.675	0.671
228.078	0.675	0.671
229.314	0.616	0.623
232.812	0.616	0.623
233.483	0.616	0.623
343.202	0.746	0.746
241.927	0.739	0.748
228.211	0.679	0.676
216.225	0.707	0.714
206.486	0.671	0.676
228.205	0.733	0.740
227.949	0.608	0.601
221.683	0.667	0.667
251.704	0.659	0.666
231.271	0.699	0.694
219.178	0.699	0.694
228.370	0.699	0.694
237.191	0.699	0.694
214.104	0.758	0.763
189.216	0.655	0.650
194.386	0.748	0.750
227.695	0.748	0.750
238.509	0.748	0.750
231.193	0.748	0.750
237.678	0.748	0.750
219.629	0.748	0.750
212.420	0.760	0.758
235.269	0.728	0.722
238.102	0.760	0.758
201.520	0.760	0.758
233.170	0.595	0.604
224.926	0.800	0.811
237.833	0.800	0.811
224.559	0.766	0.769
189.795	0.800	0.811
229.440	0.811	0.795
221.642	0.783	0.781
216.366	0.783	0.781
344.349	0.783	0.781
176.661	0.783	0.781
196.253	0.783	0.781
179.902	0.783	0.793
211.348	0.803	0.798
188.527	0.803	0.798
186.329	0.737	0.737
276.684	0.786	0.781
187.396	0.659	0.663
181.265	0.815	0.815
185.096	0.797	0.814
181.298	0.819	0.823
231.256	0.803	0.800
166.465	0.809	0.798
183.732	0.756	0.772
181.715	0.756	0.772
191.713	0.810	0.817
244.246	0.814	0.801
196.193	0.768	0.781
179.745	0.804	0.801
215.908	0.797	0.798
191.653	0.812	0.808
235.721	0.785	0.798
218.149	0.785	0.798
233.384	0.830	0.838
193.655	0.830	0.838
196.140	0.792	0.789
180.434	0.792	0.789
226.168	0.792	0.789
197.231	0.795	0.791
213.285	0.795	0.791
188.355	0.795	0.791
177.462	0.795	0.791
215.096	0.795	0.791
221.758	0.808	0.823
203.519	0.824	0.820
198.566	0.798	0.812
177.815	0.798	0.812
176.082	0.784	0.774
205.876	0.784	0.774
176.169	0.816	0.812
174.219	0.816	0.812
208.704	0.785	0.784
218.310	0.785	0.784
191.836	0.785	0.784
214.981	0.785	0.784
173.887	0.832	0.837
183.079	0.785	0.784
206.867	0.822	0.823
177.301	0.822	0.823
188.077	0.799	0.818
211.157	0.806	0.813
201.762	0.790	0.805
180.056	0.801	0.804
201.223	0.789	0.799
201.432	0.789	0.799
197.966	0.789	0.799
176.553	0.836	0.841
177.557	0.774	0.778
188.847	0.813	0.813
198.552	0.818	0.819
164.225	0.824	0.820
199.112	0.808	0.825
183.262	0.834	0.843
191.817	0.834	0.843
165.665	0.834	0.843
166.055	0.834	0.843
182.100	0.834	0.843
175.208	0.785	0.799
177.909	0.785	0.799
175.532	0.798	0.808
174.188	0.834	0.829
175.605	0.818	0.827
168.047	0.821	0.828
178.023	0.804	0.810
164.591	0.834	0.829
176.429	0.834	0.829
168.939	0.822	0.831
190.486	0.823	0.836
171.689	0.823	0.836
165.558	0.823	0.836
172.122	0.823	0.836
171.259	0.823	0.836
178.276	0.806	0.805
171.639	0.804	0.818
188.947	0.810	0.827
173.315	0.834	0.836
190.997	0.833	0.846
165.777	0.809	0.815
185.309	0.819	0.831
207.545	0.817	0.827
174.207	0.811	0.825
165.966	0.819	0.831
186.974	0.819	0.831
160.333	0.811	0.825
168.030	0.823	0.822
184.584	0.823	0.822
165.266	0.801	0.816
208.981	0.813	0.818
162.567	0.813	0.818
168.277	0.830	0.846
180.596	0.827	0.822
167.037	0.836	0.845
165.448	0.836	0.845
162.927	0.830	0.828
160.000	0.822	0.819
171.825	0.819	0.825
169.807	0.816	0.831
166.899	0.819	0.825
166.746	0.819	0.825
174.027	0.820	0.822
165.236	0.815	0.823
162.978	0.836	0.841
189.607	0.836	0.841
167.343	0.836	0.841
162.369	0.836	0.841
174.717	0.811	0.817
174.583	0.829	0.841
162.812	0.811	0.817
163.630	0.805	0.813
167.175	0.831	0.835
172.857	0.824	0.836
163.600	0.822	0.837
168.500	0.822	0.837
163.501	0.836	0.842
166.749	0.836	0.842
162.298	0.836	0.842
163.772	0.831	0.841
163.839	0.844	0.859
158.541	0.821	0.835
171.714	0.821	0.835
172.115	0.821	0.835
171.582	0.821	0.835
157.879	0.835	0.844
163.755	0.831	0.843
169.531	0.820	0.828
162.269	0.835	0.844
162.740	0.835	0.844
159.359	0.828	0.838
163.422	0.830	0.833
162.137	0.828	0.819
162.473	0.819	0.821
173.781	0.828	0.838
163.571	0.802	0.820
194.563	0.802	0.820
170.967	0.836	0.846
164.632	0.828	0.842
168.387	0.848	0.860
170.032	0.848	0.860
165.444	0.848	0.860
169.105	0.848	0.860
163.712	0.826	0.836
163.538	0.827	0.836
163.147	0.827	0.836
164.901	0.827	0.836
158.087	0.827	0.836
168.683	0.827	0.836
158.270	0.827	0.836
162.176	0.827	0.836
171.091	0.825	0.829
163.072	0.826	0.836
170.243	0.826	0.831
158.787	0.819	0.834
181.510	0.826	0.831
160.011	0.805	0.820
160.004	0.805	0.820
160.650	0.805	0.820
166.709	0.805	0.820
158.080	0.805	0.820
163.839	0.834	0.844
163.738	0.834	0.844
164.802	0.834	0.844
161.696	0.834	0.844
162.134	0.815	0.828
163.366	0.829	0.841
161.012	0.800	0.806
161.140	0.855	0.861
176.837	0.827	0.828
162.229	0.855	0.861
161.263	0.855	0.861
161.440	0.806	0.827
157.257	0.821	0.823
162.212	0.821	0.823
164.584	0.809	0.819
158.913	0.809	0.819
158.127	0.822	0.829
163.487	0.835	0.829
164.194	0.823	0.835
159.459	0.823	0.835
172.516	0.823	0.835
156.357	0.823	0.835
163.555	0.823	0.835
160.581	0.823	0.835
171.229	0.818	0.823
160.840	0.819	0.825
159.779	0.819	0.825
164.209	0.821	0.824
161.786	0.817	0.823
156.442	0.816	0.825
161.666	0.816	0.825
162.074	0.824	0.819
162.630	0.778	0.799
173.209	0.827	0.839
166.624	0.827	0.839
156.292	0.821	0.827
158.304	0.821	0.827
159.746	0.821	0.827
157.904	0.820	0.828
159.862	0.820	0.829
158.759	0.820	0.829
160.658	0.804	0.798
155.864	0.820	0.820
158.239	0.827	0.833
164.472	0.827	0.833
157.377	0.823	0.819
164.988	0.822	0.830
158.051	0.812	0.822
163.144	0.816	0.819
160.471	0.826	0.831
163.745	0.827	0.836
161.656	0.827	0.836
160.518	0.814	0.825
158.836	0.816	0.838
159.703	0.823	0.837
156.085	0.835	0.834
161.956	0.835	0.834
159.746	0.830	0.840
162.073	0.830	0.840
157.866	0.836	0.840
159.707	0.836	0.840
156.690	0.836	0.840
163.308	0.816	0.829
159.805	0.816	0.829
157.954	0.832	0.835
159.769	0.816	0.829
156.180	0.815	0.820
159.612	0.824	0.837
159.977	0.824	0.825
155.849	0.826	0.829
160.840	0.818	0.827
158.027	0.818	0.827
156.464	0.829	0.829
156.648	0.829	0.841
162.324	0.839	0.846
161.446	0.817	0.827
158.353	0.817	0.830
161.614	0.817	0.830
158.072	0.835	0.841
158.380	0.833	0.832
156.849	0.833	0.832
161.523	0.828	0.831
156.941	0.830	0.841
162.994	0.833	0.832
164.735	0.821	0.824
165.690	0.832	0.833
161.889	0.832	0.833
159.329	0.832	0.833
159.981	0.827	0.828
160.143	0.827	0.828
160.880	0.827	0.828
159.203	0.832	0.836
160.083	0.828	0.839
157.337	0.828	0.839
158.253	0.821	0.838
162.918	0.820	0.835
163.554	0.818	0.838
159.476	0.839	0.840
157.513	0.839	0.840
159.744	0.820	0.843
159.536	0.839	0.840
158.077	0.839	0.840
159.201	0.839	0.840
157.815	0.831	0.831
162.073	0.831	0.831
157.686	0.831	0.831
158.863	0.811	0.815
158.648	0.811	0.815
158.013	0.820	0.823
160.472	0.826	0.831
165.516	0.826	0.831
157.179	0.822	0.828
164.034	0.824	0.825
166.736	0.824	0.825
157.817	0.824	0.825
157.976	0.826	0.828
157.476	0.826	0.828
156.423	0.826	0.828
157.428	0.826	0.838
161.346	0.826	0.838
158.370	0.826	0.838
161.562	0.812	0.828
159.573	0.828	0.841
157.297	0.810	0.820
157.346	0.838	0.839
157.831	0.838	0.839
157.780	0.822	0.834
156.071	0.826	0.831
160.512	0.812	0.820
156.601	0.814	0.820
157.306	0.815	0.825
158.016	0.815	0.825
156.078	0.813	0.822
156.435	0.813	0.822
167.828	0.833	0.845
156.691	0.821	0.837
157.373	0.845	0.847
156.986	0.845	0.847
159.923	0.845	0.847
159.312	0.832	0.836
159.111	0.838	0.841
161.636	0.830	0.843
155.448	0.829	0.833
158.267	0.818	0.830
158.984	0.815	0.820
159.968	0.829	0.842
158.906	0.829	0.842
155.663	0.834	0.845
155.013	0.836	0.844
159.163	0.831	0.834
158.021	0.823	0.828
159.404	0.842	0.852
157.566	0.832	0.828
158.197	0.839	0.838
157.310	0.839	0.838
159.317	0.839	0.838
156.031	0.821	0.833
157.182	0.827	0.833
158.280	0.842	0.842
159.198	0.829	0.841
158.983	0.823	0.831
166.727	0.823	0.831
167.582	0.823	0.831
162.677	0.823	0.831
157.002	0.823	0.831
157.328	0.823	0.831
163.604	0.823	0.831
160.045	0.823	0.831
156.614	0.823	0.831
158.495	0.829	0.832
154.196	0.833	0.841
157.686	0.833	0.841
157.598	0.833	0.841
159.909	0.833	0.841
157.366	0.842	0.842
163.205	0.825	0.831
157.132	0.824	0.831
156.002	0.819	0.823
155.868	0.811	0.829
155.663	0.824	0.836
154.831	0.828	0.829
159.406	0.818	0.835
155.752	0.818	0.835
157.219	0.821	0.833
157.756	0.823	0.831
158.989	0.830	0.828
157.083	0.824	0.831
164.917	0.827	0.837
155.467	0.816	0.826
163.017	0.811	0.811
157.384	0.831	0.837
158.170	0.826	0.838
157.777	0.823	0.825
155.448	0.823	0.825
159.416	0.826	0.834
157.319	0.818	0.813
157.580	0.822	0.830
154.030	0.828	0.832
161.296	0.819	0.834
155.056	0.825	0.836
158.978	0.822	0.833
155.148	0.829	0.832
155.596	0.824	0.828
157.897	0.833	0.838
159.514	0.827	0.834
157.449	0.827	0.834
163.265	0.832	0.836
156.460	0.824	0.831
155.767	0.824	0.836
155.105	0.836	0.841
158.590	0.827	0.837
157.727	0.822	0.837
158.502	0.833	0.838
157.234	0.819	0.812
156.412	0.830	0.839
158.411	0.826	0.830
155.019	0.827	0.825
157.627	0.814	0.807
163.579	0.823	0.832
153.634	0.828	0.833
158.986	0.830	0.830
154.942	0.833	0.839
161.603	0.830	0.830
157.150	0.827	0.839
156.524	0.827	0.831
158.406	0.830	0.835
159.103	0.827	0.832
160.380	0.825	0.833
157.312	0.833	0.839
152.140	0.833	0.839
154.564	0.832	0.839
154.069	0.832	0.839
153.809	0.832	0.839
158.523	0.832	0.839
155.745	0.833	0.833
157.799	0.833	0.833
155.168	0.829	0.837
159.582	0.822	0.831
161.479	0.816	0.831
154.803	0.816	0.831
161.593	0.816	0.831
159.203	0.823	0.831
151.667	0.835	0.837
154.674	0.821	0.826
155.451	0.851	0.856
158.092	0.849	0.852
152.948	0.849	0.852
156.279	0.850	0.855
154.666	0.843	0.851
152.599	0.848	0.853
156.290	0.848	0.850
152.552	0.848	0.852
153.731	0.848	0.852
161.768	0.848	0.852
155.386	0.849	0.852
157.716	0.848	0.852
126.864	0.848	0.852
157.434	0.850	0.857
160.115	0.849	0.856
153.134	0.849	0.854
152.142	0.849	0.854
155.419	0.849	0.854
128.541	0.848	0.855
152.720	0.851	0.853
153.735	0.848	0.857
131.515	0.850	0.854
127.619	0.854	0.859
155.939	0.851	0.855
126.023	0.848	0.852
126.216	0.851	0.854
129.677	0.848	0.854
128.027	0.848	0.851
152.420	0.853	0.856
156.756	0.848	0.854
134.119	0.851	0.855
156.293	0.849	0.852
128.287	0.847	0.853
126.022	0.847	0.853
160.477	0.851	0.853
131.728	0.851	0.855
130.019	0.846	0.854
126.025	0.852	0.857
144.409	0.852	0.860
130.252	0.852	0.860
125.610	0.850	0.859
128.013	0.847	0.854
129.793	0.847	0.854
128.327	0.852	0.857
127.283	0.855	0.856
127.765	0.853	0.858
128.561	0.859	0.857
129.464	0.859	0.857
127.620	0.859	0.857
127.014	0.857	0.859
131.710	0.850	0.855
134.705	0.850	0.855
125.717	0.851	0.856
127.422	0.854	0.857
126.658	0.858	0.852
128.642	0.857	0.859
128.334	0.852	0.857
125.947	0.861	0.860
128.620	0.852	0.854
126.213	0.854	0.860
127.435	0.854	0.860
127.311	0.854	0.860
130.163	0.859	0.860
127.196	0.859	0.860
134.998	0.857	0.857
126.689	0.860	0.854
128.035	0.860	0.854
126.041	0.853	0.856
128.551	0.853	0.856
128.204	0.849	0.854
127.587	0.852	0.854
127.153	0.849	0.856
127.649	0.855	0.858
129.787	0.849	0.856
127.697	0.854	0.859
128.656	0.854	0.859
127.672	0.854	0.860
126.802	0.854	0.859
128.697	0.851	0.858
127.319	0.857	0.860
127.511	0.857	0.860
126.294	0.856	0.855
127.518	0.856	0.855
126.470	0.858	0.855
126.363	0.858	0.858
125.239	0.858	0.858
126.611	0.858	0.860
126.205	0.852	0.859
128.043	0.852	0.859
127.298	0.855	0.857
127.463	0.857	0.861
126.280	0.858	0.860
126.718	0.858	0.862
126.240	0.858	0.862
128.620	0.858	0.862
128.353	0.858	0.860
128.009	0.858	0.860
125.866	0.858	0.860
125.169	0.857	0.860
126.294	0.857	0.860
126.335	0.851	0.856
126.447	0.854	0.858
126.307	0.857	0.864
127.518	0.857	0.864
126.929	0.857	0.864
126.600	0.857	0.864
127.971	0.850	0.853
127.701	0.856	0.860
127.120	0.854	0.857
127.003	0.857	0.856
126.806	0.857	0.856
127.069	0.857	0.856
126.691	0.857	0.854
126.523	0.858	0.858
124.514	0.857	0.854
125.917	0.855	0.857
126.194	0.849	0.851
126.199	0.849	0.851
126.792	0.849	0.851
128.165	0.849	0.856
126.325	0.849	0.856
126.954	0.851	0.853
127.315	0.848	0.853
125.005	0.848	0.853
127.432	0.849	0.853
125.775	0.853	0.853
125.670	0.849	0.849
125.698	0.849	0.849
127.762	0.857	0.854
125.767	0.852	0.860
125.017	0.851	0.856
126.654	0.851	0.856
125.803	0.852	0.853
126.437	0.853	0.856
126.155	0.851	0.852
126.252	0.851	0.853
125.727	0.851	0.851
128.480	0.848	0.853
126.756	0.852	0.852
127.151	0.852	0.852
128.986	0.852	0.852
126.342	0.852	0.853
128.898	0.853	0.853
128.406	0.853	0.853
125.961	0.850	0.852
126.523	0.848	0.852
126.795	0.853	0.856
126.417	0.849	0.852
126.229	0.847	0.850
126.670	0.851	0.854
126.251	0.848	0.852
126.849	0.850	0.852
127.901	0.852	0.854
127.166	0.851	0.854
127.376	0.851	0.854
126.101	0.851	0.854
127.355	0.851	0.854
130.372	0.851	0.854
125.647	0.851	0.852
126.313	0.852	0.857
126.438	0.853	0.856
134.620	0.852	0.857
126.153	0.851	0.854
126.531	0.851	0.854
129.551	0.853	0.854
126.825	0.851	0.854
127.565	0.851	0.853
127.796	0.852	0.855
131.958	0.850	0.850
126.417	0.849	0.850
125.947	0.849	0.850
126.907	0.849	0.852
125.964	0.849	0.852
133.321	0.849	0.850
127.780	0.849	0.859
127.831	0.851	0.856
126.669	0.851	0.856
125.503	0.851	0.856
126.560	0.849	0.854
126.898	0.848	0.852
127.655	0.848	0.852
126.854	0.849	0.855
131.669	0.849	0.855
126.467	0.858	0.854
125.897	0.857	0.852
127.006	0.853	0.854
126.606	0.851	0.856
126.126	0.853	0.857
126.397	0.849	0.849
126.867	0.851	0.857
126.290	0.852	0.857
126.465	0.852	0.857
128.215	0.853	0.856
127.243	0.853	0.856
127.444	0.853	0.857
125.724	0.853	0.857
126.896	0.848	0.852
127.147	0.850	0.854
127.214	0.852	0.857
127.634	0.853	0.857
126.279	0.854	0.854
127.320	0.854	0.854
126.616	0.849	0.854
126.549	0.850	0.853
127.192	0.853	0.855
127.610	0.852	0.857
126.242	0.850	0.860
127.317	0.850	0.860
125.997	0.852	0.855
126.828	0.849	0.857
126.024	0.851	0.858
125.964	0.851	0.857
127.039	0.850	0.852
126.850	0.850	0.852
125.422	0.852	0.853
126.658	0.850	0.860
127.086	0.850	0.860
126.624	0.850	0.860
125.273	0.851	0.854
125.997	0.851	0.854
126.961	0.851	0.854
126.263	0.851	0.855
125.900	0.851	0.855
126.246	0.851	0.855
127.749	0.851	0.855
125.904	0.851	0.855
126.926	0.851	0.855
127.580	0.850	0.858
126.175	0.850	0.858
127.049	0.850	0.858
126.743	0.849	0.856
127.319	0.852	0.857
127.607	0.852	0.857
126.979	0.852	0.857
126.938	0.852	0.857
127.006	0.852	0.857
126.725	0.852	0.857
126.313	0.853	0.854
127.194	0.853	0.854
126.209	0.852	0.858
128.191	0.854	0.860
128.398	0.854	0.860
126.285	0.849	0.857
127.000	0.851	0.854
125.852	0.851	0.854
128.965	0.848	0.854
127.381	0.855	0.858
125.458	0.855	0.858
128.113	0.847	0.853
126.989	0.847	0.853
127.089	0.850	0.857
126.123	0.852	0.856
128.328	0.849	0.857
125.868	0.850	0.854
126.484	0.850	0.854
127.125	0.850	0.854
126.645	0.852	0.858
127.386	0.851	0.854
127.199	0.850	0.854
126.717	0.853	0.855
126.542	0.851	0.856
125.741	0.851	0.856
126.440	0.854	0.857
125.620	0.854	0.857
126.675	0.854	0.856
125.939	0.853	0.857
125.675	0.853	0.857
126.091	0.853	0.857
127.331	0.853	0.857
126.368	0.848	0.857
126.120	0.854	0.856
126.855	0.853	0.857
125.551	0.852	0.854
125.657	0.850	0.854
126.888	0.853	0.857
126.140	0.854	0.857
125.712	0.849	0.857
126.404	0.852	0.858
125.820	0.852	0.858
126.348	0.852	0.858
126.246	0.852	0.858
125.603	0.854	0.857
125.823	0.851	0.857
127.541	0.851	0.857
126.427	0.855	0.857
127.556	0.849	0.857
126.930	0.849	0.857
125.248	0.852	0.857
126.554	0.852	0.856
126.108	0.851	0.857
126.715	0.851	0.857
127.087	0.852	0.857
125.477	0.852	0.857
127.248	0.853	0.857
125.670	0.854	0.857
126.224	0.854	0.857
127.355	0.854	0.857
126.697	0.854	0.859
126.130	0.854	0.855
125.170	0.854	0.855
126.185	0.854	0.855
125.207	0.854	0.857
127.081	0.852	0.857
126.611	0.852	0.857
126.197	0.854	0.855
126.749	0.855	0.854
127.580	0.857	0.858
128.307	0.857	0.858
128.385	0.857	0.858
126.279	0.857	0.858
126.689	0.857	0.858
125.179	0.855	0.862
126.934	0.855	0.862
127.578	0.855	0.862
126.136	0.853	0.856
126.147	0.853	0.856
125.722	0.855	0.857
127.842	0.855	0.857
128.265	0.855	0.857
127.071	0.856	0.854
128.861	0.854	0.858
126.338	0.856	0.855
125.658	0.852	0.853
127.217	0.852	0.853
127.308	0.857	0.857
125.687	0.856	0.854
125.555	0.854	0.857
125.735	0.853	0.855
126.888	0.849	0.856
125.660	0.849	0.856
125.759	0.849	0.854
125.928	0.851	0.856
125.756	0.851	0.856
126.589	0.851	0.855
126.490	0.850	0.860
127.090	0.856	0.857
126.200	0.854	0.852
126.727	0.854	0.857
126.223	0.853	0.857
127.431	0.854	0.854
126.109	0.854	0.854
125.918	0.854	0.854
125.742	0.853	0.857
128.995	0.855	0.859
129.828	0.854	0.854
129.735	0.855	0.857
127.106	0.852	0.859
126.208	0.852	0.859
127.770	0.854	0.854
128.660	0.854	0.859
126.145	0.852	0.858
129.642	0.853	0.857
125.631	0.852	0.858
128.935	0.855	0.858
124.774	0.855	0.860
129.370	0.855	0.860
128.631	0.855	0.860
128.983	0.853	0.858
128.090	0.852	0.860
127.634	0.852	0.860
127.511	0.853	0.856
124.814	0.850	0.854
137.699	0.850	0.854
127.608	0.853	0.856
125.896	0.853	0.856
125.647	0.853	0.856
124.965	0.853	0.856
125.138	0.853	0.856
125.490	0.851	0.854
128.255	0.852	0.859
128.482	0.852	0.859
127.669	0.852	0.859
125.599	0.854	0.858
128.237	0.855	0.857
125.216	0.853	0.856
128.501	0.854	0.855
127.732	0.854	0.856
126.573	0.854	0.856
125.572	0.854	0.856
125.270	0.854	0.856
125.686	0.854	0.856
125.671	0.854	0.856
127.996	0.854	0.856
128.126	0.854	0.856
129.977	0.854	0.856
127.604	0.854	0.856
125.213	0.854	0.856
125.025	0.854	0.856
127.496	0.852	0.856
130.099	0.852	0.856
127.841	0.852	0.856
127.961	0.854	0.856
128.272	0.854	0.856
127.505	0.852	0.856
127.657	0.852	0.856
128.012	0.851	0.859
127.492	0.854	0.858
127.845	0.852	0.857
128.771	0.852	0.858
128.646	0.852	0.858
127.911	0.853	0.857
127.788	0.853	0.857
126.056	0.853	0.857
129.181	0.853	0.854
127.166	0.851	0.857
127.835	0.853	0.857
127.167	0.853	0.857
128.332	0.853	0.859
135.493	0.853	0.858
128.299	0.854	0.858
129.965	0.854	0.858
125.137	0.853	0.858
125.305	0.854	0.859
133.120	0.854	0.859
131.218	0.855	0.859
127.843	0.855	0.859
128.919	0.853	0.857
125.495	0.853	0.859
127.434	0.852	0.857
128.861	0.853	0.856
128.554	0.853	0.856
128.081	0.853	0.856
125.164	0.853	0.857
125.870	0.855	0.857
127.785	0.851	0.857
127.214	0.851	0.857
126.063	0.853	0.857
127.679	0.851	0.857
125.493	0.852	0.857
129.015	0.852	0.857
125.485	0.852	0.857
127.880	0.852	0.857
125.137	0.852	0.857
129.958	0.852	0.857
125.241	0.852	0.857
129.229	0.851	0.857
127.269	0.851	0.857
127.555	0.852	0.858
127.844	0.853	0.858
126.982	0.853	0.858
126.163	0.853	0.857
127.548	0.852	0.857
125.406	0.851	0.857
127.694	0.854	0.857
126.393	0.853	0.857
127.908	0.851	0.852
127.690	0.851	0.852
126.345	0.851	0.852
126.075	0.849	0.854
125.272	0.852	0.858
125.992	0.851	0.858
125.530	0.851	0.855
129.072	0.851	0.855
128.530	0.853	0.858
125.240	0.853	0.857
127.559	0.853	0.857
128.745	0.852	0.857
124.699	0.853	0.856
125.538	0.851	0.857
128.002	0.849	0.859
128.299	0.854	0.859
126.105	0.852	0.857
125.464	0.853	0.854
128.211	0.851	0.857

Results for BackProp (Training):
Correctly Classified Instances: 97.72%
Incorrectly Classified Instances: 2.28%

Results for BackProp (Test):
Correctly Classified Instances: 92.69%
Incorrectly Classified Instances: 7.31%

Results for RHC (Training):
Correctly Classified Instances: 60.27%
Incorrectly Classified Instances: 39.73%

Results for RHC (Test):
Correctly Classified Instances: 59.96%
Incorrectly Classified Instances: 40.04%

Results for SA (Training):
Correctly Classified Instances: 57.17%
Incorrectly Classified Instances: 42.83%

Results for SA (Test):
Correctly Classified Instances: 56.92%
Incorrectly Classified Instances: 43.08%

Results for GA (Training):
Correctly Classified Instances: 85.05%
Incorrectly Classified Instances: 14.95%

Results for GA (Test):
Correctly Classified Instances: 85.73%
Incorrectly Classified Instances: 14.27%
